1 0.0
2 109.0
3 204.0
4 30.0
5 0.0
6 0.0
7 203.0
8 0.0
9 0.0
10 32.0
11 43.0
12 32.0
13 25.0
14 0.0
15 30.0
16 169.0
17 33.0
18 32.0
19 0.0
20 32.0
21 32.0
22 174.0
23 38.0
24 0.0
25 38.0
26 6.0
27 20.0
28 169.0
29 0.0
30 38.0
31 174.0
32 203.0
33 98.0
34 0.0
35 14.0
36 30.0
37 203.0
38 0.0
39 0.0
40 203.0
41 0.0
42 0.0
43 38.0
44 32.0
45 30.0
46 0.0
47 32.0
48 0.0
49 0.0
50 0.0
51 0.0
52 0.0
53 25.0
54 38.0
55 174.0
56 30.0
57 30.0
58 25.0
59 0.0
60 104.0
61 180.0
62 104.0
63 203.0
64 98.0
65 0.0
66 30.0
67 30.0
68 38.0
69 0.0
70 30.0
71 38.0
72 25.0
73 33.0
74 0.0
75 0.0
76 30.0
77 0.0
78 87.0
79 32.0
80 204.0
81 185.0
82 38.0
83 0.0
84 32.0
85 0.0
86 30.0
87 32.0
88 32.0
89 98.0
90 38.0
91 0.0
92 33.0
93 0.0
94 0.0
95 103.0
96 44.0
97 0.0
98 169.0
99 0.0
100 98.0
101 204.0
102 204.0
103 204.0
104 203.0
105 203.0
106 203.0
107 203.0
108 203.0
109 185.0
110 180.0
111 174.0
112 174.0
113 174.0
114 169.0
115 169.0
116 169.0
117 109.0
118 104.0
119 104.0
120 103.0
121 98.0
122 98.0
123 98.0
124 98.0
125 87.0
126 44.0
127 43.0
128 38.0
129 38.0
130 38.0
131 38.0
132 38.0
133 38.0
134 38.0
135 38.0
136 38.0
137 33.0
138 33.0
139 33.0
140 32.0
141 32.0
142 32.0
143 32.0
144 32.0
145 32.0
146 32.0
147 32.0
148 32.0
149 32.0
150 32.0
151 30.0
152 30.0
153 30.0
154 30.0
155 30.0
156 30.0
157 30.0
158 30.0
159 30.0
160 30.0
161 30.0
162 25.0
163 25.0
164 25.0
165 25.0
166 20.0
167 14.0
168 6.0
169 0.0
170 0.0
171 0.0
172 0.0
173 0.0
174 0.0
175 0.0
176 0.0
177 0.0
178 0.0
179 0.0
180 0.0
181 0.0
182 0.0
183 0.0
184 0.0
185 0.0
186 0.0
187 0.0
188 0.0
189 0.0
190 0.0
191 0.0
192 0.0
193 0.0
194 0.0
195 0.0
196 0.0
197 0.0
198 0.0
199 0.0
200 0.0
201 0.0
202 204.0
203 204.0
204 204.0
205 203.0
206 203.0
207 203.0
208 203.0
209 203.0
210 185.0
211 180.0
212 174.0
213 174.0
214 174.0
215 169.0
216 169.0
217 169.0
218 109.0
219 104.0
220 104.0
221 103.0
222 98.0
223 98.0
224 98.0
225 98.0
226 87.0
227 44.0
228 43.0
229 38.0
230 38.0
231 38.0
232 38.0
233 38.0
234 38.0
235 38.0
236 38.0
237 38.0
238 33.0
239 33.0
240 33.0
241 32.0
242 32.0
243 32.0
244 32.0
245 32.0
246 32.0
247 32.0
248 32.0
249 32.0
250 32.0
251 32.0
252 30.0
253 30.0
254 30.0
255 30.0
256 30.0
257 30.0
258 30.0
259 30.0
260 30.0
261 30.0
262 30.0
263 25.0
264 25.0
265 25.0
266 25.0
267 20.0
268 14.0
269 6.0
270 0.0
271 0.0
272 0.0
273 0.0
274 0.0
275 0.0
276 0.0
277 0.0
278 0.0
279 0.0
280 0.0
281 0.0
282 0.0
283 0.0
284 0.0
285 0.0
286 0.0
287 0.0
288 0.0
289 0.0
290 0.0
291 0.0
292 0.0
293 0.0
294 0.0
295 0.0
296 0.0
297 0.0
298 0.0
299 0.0
300 0.0
301 0.0
302 0.0
303 204.0
304 204.0
305 204.0
306 203.0
307 203.0
308 203.0
309 203.0
310 203.0
311 185.0
312 180.0
313 174.0
314 174.0
315 174.0
316 169.0
317 169.0
318 169.0
319 109.0
320 104.0
321 104.0
322 103.0
323 98.0
324 98.0
325 98.0
326 98.0
327 87.0
328 44.0
329 43.0
330 38.0
331 38.0
332 38.0
333 38.0
334 38.0
335 38.0
336 38.0
337 38.0
338 38.0
339 33.0
340 33.0
341 33.0
342 32.0
343 32.0
344 32.0
345 32.0
346 32.0
347 32.0
348 32.0
349 32.0
350 32.0
351 32.0
352 32.0
353 30.0
354 30.0
355 30.0
356 30.0
357 30.0
358 30.0
359 30.0
360 30.0
361 30.0
362 30.0
363 30.0
364 25.0
365 25.0
366 25.0
367 25.0
368 20.0
369 14.0
370 6.0
371 0.0
372 0.0
373 0.0
374 0.0
375 0.0
376 0.0
377 0.0
378 0.0
379 0.0
380 0.0
381 0.0
382 0.0
383 0.0
384 0.0
385 0.0
386 0.0
387 0.0
388 0.0
389 0.0
390 0.0
391 0.0
392 0.0
393 0.0
394 0.0
395 0.0
396 0.0
397 0.0
398 0.0
399 0.0
400 0.0
401 0.0
402 0.0
403 0.0
404 204.0
405 204.0
406 204.0
407 203.0
408 203.0
409 203.0
410 203.0
411 203.0
412 185.0
413 180.0
414 174.0
415 174.0
416 174.0
417 169.0
418 169.0
419 169.0
420 109.0
421 104.0
422 104.0
423 103.0
424 98.0
425 98.0
426 98.0
427 98.0
428 87.0
429 44.0
430 43.0
431 38.0
432 38.0
433 38.0
434 38.0
435 38.0
436 38.0
437 38.0
438 38.0
439 38.0
440 33.0
441 33.0
442 33.0
443 32.0
444 32.0
445 32.0
446 32.0
447 32.0
448 32.0
449 32.0
450 32.0
451 32.0
452 32.0
453 32.0
454 30.0
455 30.0
456 30.0
457 30.0
458 30.0
459 30.0
460 30.0
461 30.0
462 30.0
463 30.0
464 30.0
465 25.0
466 25.0
467 25.0
468 25.0
469 20.0
470 14.0
471 6.0
472 0.0
473 0.0
474 0.0
475 0.0
476 0.0
477 0.0
478 0.0
479 0.0
480 0.0
481 0.0
482 0.0
483 0.0
484 0.0
485 0.0
486 0.0
487 0.0
488 0.0
489 0.0
490 0.0
491 0.0
492 0.0
493 0.0
494 0.0
495 0.0
496 0.0
497 0.0
498 0.0
499 0.0
500 0.0
501 0.0
502 0.0
503 0.0
504 0.0
505 204.0
506 204.0
507 204.0
508 203.0
509 203.0
510 203.0
511 203.0
512 203.0
513 185.0
514 180.0
515 174.0
516 174.0
517 174.0
518 169.0
519 169.0
520 169.0
521 109.0
522 104.0
523 104.0
524 103.0
525 98.0
526 98.0
527 98.0
528 98.0
529 87.0
530 44.0
531 43.0
532 38.0
533 38.0
534 38.0
535 38.0
536 38.0
537 38.0
538 38.0
539 38.0
540 38.0
541 33.0
542 33.0
543 33.0
544 32.0
545 32.0
546 32.0
547 32.0
548 32.0
549 32.0
550 32.0
551 32.0
552 32.0
553 32.0
554 32.0
555 30.0
556 30.0
557 30.0
558 30.0
559 30.0
560 30.0
561 30.0
562 30.0
563 30.0
564 30.0
565 30.0
566 25.0
567 25.0
568 25.0
569 25.0
570 20.0
571 14.0
572 6.0
573 0.0
574 0.0
575 0.0
576 0.0
577 0.0
578 0.0
579 0.0
580 0.0
581 0.0
582 0.0
583 0.0
584 0.0
585 0.0
586 0.0
587 0.0
588 0.0
589 0.0
590 0.0
591 0.0
592 0.0
593 0.0
594 0.0
595 0.0
596 0.0
597 0.0
598 0.0
599 0.0
600 0.0
601 0.0
602 0.0
603 0.0
604 0.0
605 0.0
606 204.0
607 204.0
608 204.0
609 203.0
610 203.0
611 203.0
612 203.0
613 203.0
614 185.0
615 180.0
616 174.0
617 174.0
618 174.0
619 169.0
620 169.0
621 169.0
622 109.0
623 104.0
624 104.0
625 103.0
626 98.0
627 98.0
628 98.0
629 98.0
630 87.0
631 44.0
632 43.0
633 38.0
634 38.0
635 38.0
636 38.0
637 38.0
638 38.0
639 38.0
640 38.0
641 38.0
642 33.0
643 33.0
644 33.0
645 32.0
646 32.0
647 32.0
648 32.0
649 32.0
650 32.0
651 32.0
652 32.0
653 32.0
654 32.0
655 32.0
656 30.0
657 30.0
658 30.0
659 30.0
660 30.0
661 30.0
662 30.0
663 30.0
664 30.0
665 30.0
666 30.0
667 25.0
668 25.0
669 25.0
670 25.0
671 20.0
672 14.0
673 6.0
674 0.0
675 0.0
676 0.0
677 0.0
678 0.0
679 0.0
680 0.0
681 0.0
682 0.0
683 0.0
684 0.0
685 0.0
686 0.0
687 0.0
688 0.0
689 0.0
690 0.0
691 0.0
692 0.0
693 0.0
694 0.0
695 0.0
696 0.0
697 0.0
698 0.0
699 0.0
700 0.0
701 0.0
702 0.0
703 0.0
704 0.0
705 0.0
706 0.0
707 204.0
708 204.0
709 204.0
710 203.0
711 203.0
712 203.0
713 203.0
714 203.0
715 185.0
716 180.0
717 174.0
718 174.0
719 174.0
720 169.0
721 169.0
722 169.0
723 109.0
724 104.0
725 104.0
726 103.0
727 98.0
728 98.0
729 98.0
730 98.0
731 87.0
732 44.0
733 43.0
734 38.0
735 38.0
736 38.0
737 38.0
738 38.0
739 38.0
740 38.0
741 38.0
742 38.0
743 33.0
744 33.0
745 33.0
746 32.0
747 32.0
748 32.0
749 32.0
750 32.0
751 32.0
752 32.0
753 32.0
754 32.0
755 32.0
756 32.0
757 30.0
758 30.0
759 30.0
760 30.0
761 30.0
762 30.0
763 30.0
764 30.0
765 30.0
766 30.0
767 30.0
768 25.0
769 25.0
770 25.0
771 25.0
772 20.0
773 14.0
774 6.0
775 0.0
776 0.0
777 0.0
778 0.0
779 0.0
780 0.0
781 0.0
782 0.0
783 0.0
784 0.0
785 0.0
786 0.0
787 0.0
788 0.0
789 0.0
790 0.0
791 0.0
792 0.0
793 0.0
794 0.0
795 0.0
796 0.0
797 0.0
798 0.0
799 0.0
800 0.0
801 0.0
802 0.0
803 0.0
804 0.0
805 0.0
806 0.0
807 0.0
808 204.0
809 204.0
810 204.0
811 203.0
812 203.0
813 203.0
814 203.0
815 203.0
816 185.0
817 180.0
818 174.0
819 174.0
820 174.0
821 169.0
822 169.0
823 169.0
824 109.0
825 104.0
826 104.0
827 103.0
828 98.0
829 98.0
830 98.0
831 98.0
832 87.0
833 44.0
834 43.0
835 38.0
836 38.0
837 38.0
838 38.0
839 38.0
840 38.0
841 38.0
842 38.0
843 38.0
844 33.0
845 33.0
846 33.0
847 32.0
848 32.0
849 32.0
850 32.0
851 32.0
852 32.0
853 32.0
854 32.0
855 32.0
856 32.0
857 32.0
858 30.0
859 30.0
860 30.0
861 30.0
862 30.0
863 30.0
864 30.0
