1 19.0
2 30.0
3 104.0
4 32.0
5 0.0
6 32.0
7 204.0
8 0.0
9 0.0
10 0.0
11 0.0
12 104.0
13 0.0
14 114.0
15 32.0
16 30.0
17 203.0
18 25.0
19 203.0
20 0.0
21 180.0
22 98.0
23 38.0
24 32.0
25 203.0
26 25.0
27 38.0
28 204.0
29 32.0
30 32.0
31 169.0
32 32.0
33 0.0
34 33.0
35 203.0
36 33.0
37 30.0
38 204.0
39 25.0
40 203.0
41 38.0
42 33.0
43 0.0
44 169.0
45 203.0
46 175.0
47 204.0
48 32.0
49 32.0
50 32.0
51 0.0
52 32.0
53 204.0
54 32.0
55 0.0
56 174.0
57 32.0
58 33.0
59 38.0
60 0.0
61 98.0
62 33.0
63 32.0
64 32.0
65 30.0
66 0.0
67 0.0
68 6.0
69 0.0
70 30.0
71 203.0
72 49.0
73 0.0
74 32.0
75 0.0
76 30.0
77 32.0
78 98.0
79 32.0
80 38.0
81 180.0
82 169.0
83 204.0
84 104.0
85 32.0
86 32.0
87 32.0
88 0.0
89 0.0
90 180.0
91 32.0
92 33.0
93 38.0
94 203.0
95 0.0
96 104.0
97 203.0
98 0.0
99 204.0
100 32.0
101 204.0
102 204.0
103 204.0
104 204.0
105 204.0
106 204.0
107 204.0
108 204.0
109 203.0
110 203.0
111 203.0
112 203.0
113 203.0
114 203.0
115 203.0
116 203.0
117 203.0
118 180.0
119 180.0
120 180.0
121 175.0
122 174.0
123 169.0
124 169.0
125 169.0
126 114.0
127 104.0
128 104.0
129 104.0
130 104.0
131 98.0
132 98.0
133 98.0
134 49.0
135 38.0
136 38.0
137 38.0
138 38.0
139 38.0
140 38.0
141 33.0
142 33.0
143 33.0
144 33.0
145 33.0
146 33.0
147 32.0
148 32.0
149 32.0
150 32.0
151 32.0
152 104.0
153 203.0
154 93.0
155 30.0
156 32.0
157 203.0
158 203.0
159 204.0
160 0.0
161 204.0
162 203.0
163 191.0
164 30.0
165 0.0
166 203.0
167 203.0
168 191.0
169 180.0
170 114.0
171 33.0
172 204.0
173 180.0
174 32.0
175 0.0
176 32.0
177 174.0
178 0.0
179 109.0
180 0.0
181 32.0
182 33.0
183 30.0
184 49.0
185 33.0
186 0.0
187 33.0
188 0.0
189 32.0
190 38.0
191 0.0
192 32.0
193 203.0
194 185.0
195 32.0
196 32.0
197 203.0
198 0.0
199 32.0
200 38.0
201 38.0
202 204.0
203 204.0
204 204.0
205 204.0
206 204.0
207 204.0
208 204.0
209 204.0
210 204.0
211 204.0
212 204.0
213 203.0
214 203.0
215 203.0
216 203.0
217 203.0
218 203.0
219 203.0
220 203.0
221 203.0
222 203.0
223 203.0
224 203.0
225 203.0
226 203.0
227 203.0
228 203.0
229 203.0
230 191.0
231 191.0
232 185.0
233 180.0
234 180.0
235 180.0
236 180.0
237 180.0
238 175.0
239 174.0
240 174.0
241 169.0
242 169.0
243 169.0
244 114.0
245 114.0
246 109.0
247 104.0
248 104.0
249 104.0
250 104.0
251 104.0
252 98.0
253 203.0
254 33.0
255 32.0
256 204.0
257 0.0
258 203.0
259 33.0
260 32.0
261 0.0
262 32.0
263 0.0
264 203.0
265 204.0
266 0.0
267 203.0
268 0.0
269 204.0
270 203.0
271 44.0
272 43.0
273 114.0
274 92.0
275 32.0
276 0.0
277 204.0
278 204.0
279 25.0
280 180.0
281 191.0
282 185.0
283 32.0
284 191.0
285 32.0
286 32.0
287 30.0
288 203.0
289 0.0
290 0.0
291 203.0
292 0.0
293 38.0
294 203.0
295 109.0
296 104.0
297 203.0
298 104.0
299 109.0
300 98.0
301 32.0
302 32.0
303 204.0
304 204.0
305 204.0
306 204.0
307 204.0
308 204.0
309 204.0
310 204.0
311 204.0
312 204.0
313 204.0
314 204.0
315 204.0
316 204.0
317 204.0
318 204.0
319 203.0
320 203.0
321 203.0
322 203.0
323 203.0
324 203.0
325 203.0
326 203.0
327 203.0
328 203.0
329 203.0
330 203.0
331 203.0
332 203.0
333 203.0
334 203.0
335 203.0
336 203.0
337 203.0
338 203.0
339 203.0
340 203.0
341 203.0
342 203.0
343 203.0
344 203.0
345 191.0
346 191.0
347 191.0
348 191.0
349 185.0
350 185.0
351 180.0
352 180.0
353 180.0
354 98.0
355 32.0
356 169.0
357 0.0
358 104.0
359 204.0
360 32.0
361 169.0
362 203.0
363 203.0
364 0.0
365 32.0
366 32.0
367 204.0
368 38.0
369 0.0
370 98.0
371 204.0
372 203.0
373 204.0
374 164.0
375 203.0
376 203.0
377 203.0
378 203.0
379 30.0
380 98.0
381 203.0
382 191.0
383 25.0
384 203.0
385 203.0
386 25.0
387 203.0
388 32.0
389 169.0
390 204.0
391 0.0
392 203.0
393 1.0
394 203.0
395 203.0
396 98.0
397 109.0
398 191.0
399 114.0
400 185.0
401 203.0
402 180.0
403 169.0
404 204.0
405 204.0
406 204.0
407 204.0
408 204.0
409 204.0
410 204.0
411 204.0
412 204.0
413 204.0
414 204.0
415 204.0
416 204.0
417 204.0
418 204.0
419 204.0
420 204.0
421 204.0
422 204.0
423 204.0
424 204.0
425 203.0
426 203.0
427 203.0
428 203.0
429 203.0
430 203.0
431 203.0
432 203.0
433 203.0
434 203.0
435 203.0
436 203.0
437 203.0
438 203.0
439 203.0
440 203.0
441 203.0
442 203.0
443 203.0
444 203.0
445 203.0
446 203.0
447 203.0
448 203.0
449 203.0
450 203.0
451 203.0
452 203.0
453 203.0
454 203.0
455 203.0
456 204.0
457 204.0
458 204.0
459 204.0
460 204.0
461 204.0
462 1.0
463 174.0
464 104.0
465 203.0
466 38.0
467 203.0
468 109.0
469 204.0
470 203.0
471 158.0
472 204.0
473 169.0
474 203.0
475 203.0
476 203.0
477 0.0
478 0.0
479 203.0
480 204.0
481 203.0
482 103.0
483 203.0
484 204.0
485 203.0
486 32.0
487 32.0
488 203.0
489 180.0
490 180.0
491 104.0
492 164.0
493 203.0
494 203.0
495 0.0
496 204.0
497 203.0
498 33.0
499 204.0
500 38.0
501 44.0
502 203.0
503 204.0
504 33.0
505 204.0
506 204.0
507 204.0
508 204.0
509 204.0
510 204.0
511 204.0
512 204.0
513 204.0
514 204.0
515 204.0
516 204.0
517 204.0
518 204.0
519 204.0
520 204.0
521 204.0
522 204.0
523 204.0
524 204.0
525 204.0
526 204.0
527 204.0
528 204.0
529 204.0
530 204.0
531 204.0
532 204.0
533 204.0
534 204.0
535 204.0
536 204.0
537 204.0
538 204.0
539 203.0
540 203.0
541 203.0
542 203.0
543 203.0
544 203.0
545 203.0
546 203.0
547 203.0
548 203.0
549 203.0
550 203.0
551 203.0
552 203.0
553 203.0
554 203.0
555 203.0
556 203.0
557 204.0
558 0.0
559 180.0
560 114.0
561 32.0
562 175.0
563 203.0
564 1.0
565 203.0
566 203.0
567 203.0
568 180.0
569 98.0
570 203.0
571 203.0
572 32.0
573 203.0
574 204.0
575 204.0
576 204.0
577 38.0
578 32.0
579 1.0
580 1.0
581 203.0
582 0.0
583 204.0
584 204.0
585 32.0
586 98.0
587 203.0
588 203.0
589 203.0
590 0.0
591 204.0
592 0.0
593 32.0
594 0.0
595 203.0
596 203.0
597 174.0
598 203.0
599 203.0
600 203.0
601 203.0
602 204.0
603 104.0
604 104.0
605 87.0
606 204.0
607 204.0
608 204.0
609 204.0
610 204.0
611 204.0
612 204.0
613 204.0
614 204.0
615 204.0
616 204.0
617 204.0
618 204.0
619 204.0
620 204.0
621 204.0
622 204.0
623 204.0
624 204.0
625 204.0
626 204.0
627 204.0
628 204.0
629 204.0
630 204.0
631 204.0
632 204.0
633 204.0
634 204.0
635 204.0
636 204.0
637 204.0
638 204.0
639 204.0
640 204.0
641 204.0
642 204.0
643 204.0
644 204.0
645 204.0
646 204.0
647 204.0
648 203.0
649 203.0
650 203.0
651 203.0
652 203.0
653 203.0
654 203.0
655 203.0
656 203.0
657 203.0
658 32.0
659 109.0
660 203.0
661 203.0
662 103.0
663 32.0
664 203.0
665 204.0
666 169.0
667 204.0
668 32.0
669 203.0
670 25.0
671 33.0
672 203.0
673 204.0
674 0.0
675 0.0
676 32.0
677 32.0
678 203.0
679 164.0
680 169.0
681 1.0
682 180.0
683 38.0
684 203.0
685 180.0
686 204.0
687 203.0
688 32.0
689 109.0
690 203.0
691 204.0
692 203.0
693 180.0
694 38.0
695 33.0
696 203.0
697 203.0
698 203.0
699 204.0
700 0.0
701 203.0
702 203.0
703 174.0
704 93.0
705 25.0
706 0.0
707 204.0
708 204.0
709 204.0
710 204.0
711 204.0
712 204.0
713 204.0
714 204.0
715 204.0
716 204.0
717 204.0
718 204.0
719 204.0
720 204.0
721 204.0
722 204.0
723 204.0
724 204.0
725 204.0
726 204.0
727 204.0
728 204.0
729 204.0
730 204.0
731 204.0
732 204.0
733 204.0
734 204.0
735 204.0
736 204.0
737 204.0
738 204.0
739 204.0
740 204.0
741 204.0
742 204.0
743 204.0
744 204.0
745 204.0
746 204.0
747 204.0
748 204.0
749 204.0
750 204.0
751 204.0
752 204.0
753 204.0
754 204.0
755 203.0
756 203.0
757 203.0
758 180.0
759 203.0
760 204.0
761 204.0
762 38.0
763 32.0
764 0.0
765 0.0
766 203.0
767 0.0
768 32.0
769 180.0
770 175.0
771 203.0
772 204.0
773 38.0
774 204.0
775 203.0
776 169.0
777 32.0
778 204.0
779 169.0
780 104.0
781 204.0
782 32.0
783 1.0
784 38.0
785 32.0
786 169.0
787 203.0
788 204.0
789 203.0
790 1.0
791 204.0
792 33.0
793 204.0
794 30.0
795 204.0
796 203.0
797 203.0
798 191.0
799 204.0
800 203.0
801 32.0
802 98.0
803 0.0
804 204.0
805 203.0
806 203.0
807 38.0
808 204.0
809 204.0
810 204.0
811 204.0
812 204.0
813 204.0
814 204.0
815 204.0
816 204.0
817 204.0
818 204.0
819 204.0
820 204.0
821 204.0
822 204.0
823 204.0
824 204.0
825 204.0
826 204.0
827 204.0
828 204.0
829 204.0
830 204.0
831 204.0
832 204.0
833 204.0
834 204.0
835 204.0
836 204.0
837 204.0
838 204.0
839 204.0
840 204.0
841 204.0
842 204.0
843 204.0
844 204.0
845 204.0
846 204.0
847 204.0
848 204.0
849 204.0
850 204.0
851 204.0
852 204.0
853 204.0
854 204.0
855 204.0
856 204.0
857 204.0
858 204.0
859 203.0
860 204.0
861 1.0
862 30.0
863 203.0
864 204.0
865 93.0
866 203.0
867 32.0
868 32.0
869 109.0
870 203.0
871 38.0
872 33.0
873 32.0
874 203.0
875 203.0
876 38.0
877 203.0
878 204.0
879 33.0
880 203.0
881 203.0
882 203.0
883 203.0
884 203.0
885 98.0
886 203.0
887 33.0
888 203.0
889 203.0
890 204.0
891 203.0
892 203.0
893 203.0
894 0.0
895 0.0
896 32.0
897 203.0
898 38.0
899 203.0
900 204.0
901 38.0
902 203.0
903 203.0
904 0.0
905 169.0
906 203.0
907 30.0
908 204.0
909 204.0
910 204.0
911 204.0
912 204.0
913 204.0
914 204.0
915 204.0
916 204.0
917 204.0
918 204.0
919 204.0
920 204.0
921 204.0
922 204.0
923 204.0
924 204.0
925 204.0
926 204.0
927 204.0
928 204.0
929 204.0
930 204.0
931 204.0
932 204.0
933 204.0
934 204.0
935 204.0
936 204.0
937 204.0
938 204.0
939 204.0
940 204.0
941 204.0
942 204.0
943 204.0
944 204.0
945 204.0
946 204.0
947 204.0
948 204.0
949 204.0
950 204.0
951 204.0
952 204.0
953 204.0
954 204.0
955 204.0
956 204.0
957 204.0
958 204.0
959 204.0
960 203.0
961 32.0
962 204.0
963 98.0
964 204.0
965 203.0
966 204.0
967 0.0
968 203.0
969 204.0
970 114.0
971 0.0
972 203.0
973 30.0
974 204.0
975 203.0
976 180.0
977 204.0
978 180.0
979 203.0
980 158.0
981 203.0
982 38.0
983 30.0
984 204.0
985 158.0
986 103.0
987 25.0
988 204.0
989 25.0
990 203.0
991 204.0
992 30.0
993 203.0
994 32.0
995 25.0
996 203.0
997 0.0
998 32.0
999 203.0
1000 204.0
1001 204.0
1002 109.0
1003 6.0
1004 98.0
1005 0.0
1006 203.0
1007 204.0
1008 169.0
1009 203.0
1010 204.0
1011 204.0
1012 204.0
1013 204.0
1014 204.0
1015 204.0
1016 204.0
1017 204.0
