1 32.0
2 32.0
3 49.0
4 175.0
5 0.0
6 180.0
7 25.0
8 0.0
9 30.0
10 30.0
11 32.0
12 0.0
13 98.0
14 33.0
15 32.0
16 30.0
17 0.0
18 33.0
19 169.0
20 204.0
21 32.0
22 25.0
23 0.0
24 0.0
25 30.0
26 32.0
27 0.0
28 32.0
29 0.0
30 203.0
31 25.0
32 0.0
33 204.0
34 203.0
35 32.0
36 1.0
37 30.0
38 33.0
39 203.0
40 203.0
41 174.0
42 104.0
43 180.0
44 203.0
45 0.0
46 174.0
47 30.0
48 204.0
49 44.0
50 0.0
51 33.0
52 0.0
53 32.0
54 38.0
55 32.0
56 104.0
57 0.0
58 32.0
59 30.0
60 203.0
61 204.0
62 32.0
63 104.0
64 0.0
65 0.0
66 38.0
67 0.0
68 49.0
69 0.0
70 169.0
71 0.0
72 25.0
73 31.0
74 0.0
75 109.0
76 203.0
77 25.0
78 0.0
79 0.0
80 32.0
81 0.0
82 104.0
83 33.0
84 169.0
85 0.0
86 0.0
87 0.0
88 0.0
89 25.0
90 38.0
91 180.0
92 30.0
93 203.0
94 33.0
95 169.0
96 0.0
97 25.0
98 98.0
99 49.0
100 98.0
101 204.0
102 204.0
103 204.0
104 204.0
105 204.0
106 203.0
107 203.0
108 203.0
109 203.0
110 203.0
111 203.0
112 203.0
113 203.0
114 180.0
115 180.0
116 180.0
117 175.0
118 174.0
119 174.0
120 169.0
121 169.0
122 169.0
123 169.0
124 109.0
125 104.0
126 104.0
127 104.0
128 104.0
129 98.0
130 98.0
131 98.0
132 49.0
133 49.0
134 49.0
135 44.0
136 38.0
137 38.0
138 38.0
139 33.0
140 33.0
141 33.0
142 33.0
143 33.0
144 33.0
145 32.0
146 32.0
147 32.0
148 32.0
149 32.0
150 32.0
151 32.0
152 204.0
153 203.0
154 98.0
155 1.0
156 32.0
157 204.0
158 33.0
159 0.0
160 203.0
161 203.0
