1 25.0
2 169.0
3 32.0
4 25.0
5 0.0
6 38.0
7 0.0
8 0.0
9 32.0
10 32.0
11 92.0
12 0.0
13 25.0
14 158.0
15 38.0
16 98.0
17 0.0
18 14.0
19 109.0
20 32.0
21 25.0
22 203.0
23 30.0
24 25.0
25 203.0
26 204.0
27 185.0
28 98.0
29 0.0
30 30.0
31 38.0
32 0.0
33 169.0
34 0.0
35 0.0
36 191.0
37 0.0
38 0.0
39 0.0
40 158.0
41 169.0
42 30.0
43 32.0
44 0.0
45 204.0
46 0.0
47 32.0
48 0.0
49 0.0
50 0.0
51 32.0
52 32.0
53 98.0
54 33.0
55 31.0
56 32.0
57 158.0
58 0.0
59 203.0
60 98.0
61 32.0
62 0.0
63 30.0
64 38.0
65 0.0
66 0.0
67 1.0
68 32.0
69 98.0
70 104.0
71 0.0
72 33.0
73 109.0
74 6.0
75 38.0
76 33.0
77 203.0
78 98.0
79 32.0
80 103.0
81 203.0
82 203.0
83 109.0
84 203.0
85 30.0
86 0.0
87 33.0
88 0.0
89 14.0
90 32.0
91 0.0
92 30.0
93 203.0
94 0.0
95 0.0
96 0.0
97 0.0
98 0.0
99 169.0
100 0.0
101 204.0
102 204.0
103 204.0
104 203.0
105 203.0
106 203.0
107 203.0
108 203.0
109 203.0
110 203.0
111 203.0
112 191.0
113 185.0
114 169.0
115 169.0
116 169.0
117 169.0
118 158.0
119 158.0
120 158.0
121 109.0
122 109.0
123 109.0
124 104.0
125 103.0
126 98.0
127 98.0
128 98.0
129 98.0
130 98.0
131 98.0
132 92.0
133 38.0
134 38.0
135 38.0
136 38.0
137 38.0
138 33.0
139 33.0
140 33.0
141 33.0
142 32.0
143 32.0
144 32.0
145 32.0
146 32.0
147 32.0
148 32.0
149 32.0
150 32.0
151 32.0
152 32.0
153 32.0
154 32.0
155 31.0
156 30.0
157 30.0
158 30.0
159 30.0
160 30.0
161 30.0
162 25.0
163 25.0
164 25.0
165 25.0
166 25.0
167 14.0
168 14.0
169 6.0
170 1.0
171 0.0
172 0.0
173 0.0
174 0.0
175 0.0
176 0.0
177 0.0
178 0.0
179 0.0
180 0.0
181 0.0
182 0.0
183 0.0
184 0.0
185 0.0
186 0.0
187 0.0
188 0.0
189 0.0
190 0.0
191 0.0
192 0.0
193 0.0
194 0.0
195 0.0
196 0.0
197 0.0
198 0.0
199 0.0
200 0.0
201 0.0
202 204.0
203 204.0
204 204.0
205 203.0
206 203.0
207 203.0
208 203.0
209 203.0
210 203.0
211 203.0
212 203.0
213 191.0
214 185.0
215 169.0
216 169.0
217 169.0
218 169.0
219 158.0
220 158.0
221 158.0
222 109.0
223 109.0
224 109.0
225 104.0
226 103.0
227 98.0
228 98.0
229 98.0
230 98.0
231 98.0
232 98.0
233 92.0
234 38.0
235 38.0
236 38.0
237 38.0
238 38.0
239 33.0
240 33.0
241 33.0
242 33.0
243 32.0
244 32.0
245 32.0
246 32.0
247 32.0
248 32.0
249 32.0
250 32.0
251 32.0
252 32.0
253 32.0
254 32.0
255 32.0
256 31.0
257 30.0
258 30.0
259 30.0
260 30.0
261 30.0
262 30.0
263 25.0
264 25.0
265 25.0
266 25.0
267 25.0
268 14.0
269 14.0
270 6.0
271 1.0
272 0.0
273 0.0
274 0.0
275 0.0
276 0.0
277 0.0
278 0.0
279 0.0
280 0.0
281 0.0
282 0.0
283 0.0
284 0.0
285 0.0
286 0.0
287 0.0
288 0.0
289 0.0
290 0.0
291 0.0
292 0.0
293 0.0
294 0.0
295 0.0
296 0.0
297 0.0
298 0.0
299 0.0
300 0.0
301 0.0
302 0.0
303 204.0
304 204.0
305 204.0
306 203.0
307 203.0
308 203.0
309 203.0
310 203.0
311 203.0
312 203.0
313 203.0
314 191.0
315 185.0
316 169.0
317 169.0
318 169.0
319 169.0
320 158.0
321 158.0
