1 32.0
2 32.0
3 0.0
4 25.0
5 0.0
6 33.0
7 98.0
8 32.0
9 32.0
10 109.0
11 0.0
12 0.0
13 38.0
14 0.0
15 203.0
16 98.0
17 98.0
18 33.0
19 32.0
20 0.0
21 32.0
22 25.0
23 158.0
24 186.0
25 0.0
26 0.0
27 30.0
28 38.0
29 33.0
30 93.0
31 0.0
32 180.0
33 33.0
34 191.0
35 0.0
36 25.0
37 38.0
38 0.0
39 0.0
40 32.0
41 0.0
42 203.0
43 32.0
44 32.0
45 103.0
46 30.0
47 0.0
48 180.0
49 6.0
50 109.0
51 30.0
52 92.0
53 109.0
54 38.0
55 33.0
56 0.0
57 203.0
58 158.0
59 1.0
60 153.0
61 30.0
62 0.0
63 0.0
64 0.0
65 30.0
66 203.0
67 33.0
68 203.0
69 103.0
70 203.0
71 0.0
72 0.0
73 0.0
74 104.0
75 32.0
76 0.0
77 38.0
78 0.0
79 0.0
80 38.0
81 0.0
82 204.0
83 104.0
84 0.0
85 43.0
86 203.0
87 12.0
88 203.0
89 0.0
90 204.0
91 25.0
92 33.0
93 32.0
94 33.0
95 103.0
96 0.0
97 0.0
98 32.0
99 180.0
100 0.0
101 204.0
102 204.0
103 204.0
104 203.0
105 203.0
106 203.0
107 203.0
108 203.0
109 203.0
110 203.0
111 203.0
112 191.0
113 186.0
114 180.0
115 180.0
116 180.0
117 158.0
118 158.0
119 153.0
120 109.0
121 109.0
122 109.0
123 104.0
124 104.0
125 103.0
126 103.0
127 103.0
128 98.0
129 98.0
130 98.0
131 93.0
132 92.0
133 43.0
134 38.0
135 38.0
136 38.0
137 38.0
138 38.0
139 38.0
140 33.0
141 33.0
142 33.0
143 33.0
144 33.0
145 33.0
146 33.0
147 33.0
148 32.0
149 32.0
150 32.0
151 32.0
152 32.0
153 32.0
154 32.0
155 32.0
156 32.0
157 32.0
158 32.0
159 32.0
160 30.0
161 30.0
162 30.0
163 30.0
164 30.0
165 25.0
166 25.0
167 25.0
168 25.0
169 12.0
170 6.0
171 1.0
172 0.0
173 0.0
174 0.0
175 0.0
176 0.0
177 0.0
178 0.0
179 0.0
180 0.0
181 0.0
182 0.0
183 0.0
184 0.0
185 0.0
186 0.0
187 0.0
188 0.0
189 0.0
190 0.0
191 0.0
192 0.0
193 0.0
194 0.0
195 0.0
196 0.0
197 0.0
198 0.0
199 0.0
200 0.0
201 0.0
202 204.0
203 204.0
204 204.0
205 203.0
206 203.0
207 203.0
208 203.0
209 203.0
210 203.0
211 203.0
212 203.0
213 191.0
214 186.0
215 180.0
216 180.0
217 180.0
218 158.0
219 158.0
220 153.0
221 109.0
222 109.0
223 109.0
224 104.0
225 104.0
226 103.0
227 103.0
228 103.0
229 98.0
230 98.0
231 98.0
232 93.0
233 92.0
234 43.0
235 38.0
236 38.0
237 38.0
238 38.0
239 38.0
240 38.0
241 33.0
242 33.0
243 33.0
244 33.0
245 33.0
246 33.0
247 33.0
248 33.0
249 32.0
250 32.0
251 32.0
252 32.0
253 32.0
254 32.0
255 32.0
256 32.0
257 32.0
258 32.0
259 32.0
260 32.0
261 30.0
262 30.0
263 30.0
264 30.0
265 30.0
266 25.0
267 25.0
268 25.0
269 25.0
270 12.0
271 6.0
272 1.0
273 0.0
274 0.0
275 0.0
276 0.0
277 0.0
278 0.0
279 0.0
280 0.0
281 0.0
282 0.0
283 0.0
284 0.0
285 0.0
286 0.0
287 0.0
288 0.0
289 0.0
290 0.0
291 0.0
292 0.0
293 0.0
294 0.0
295 0.0
296 0.0
297 0.0
298 0.0
299 0.0
300 0.0
301 0.0
302 0.0
303 204.0
304 204.0
305 204.0
306 203.0
307 203.0
308 203.0
309 203.0
310 203.0
311 203.0
312 203.0
313 203.0
314 191.0
315 186.0
316 180.0
317 180.0
318 180.0
319 158.0
320 158.0
321 153.0
322 109.0
323 109.0
324 109.0
325 104.0
326 104.0
327 103.0
328 103.0
329 103.0
330 98.0
331 98.0
332 98.0
333 93.0
334 92.0
335 43.0
336 38.0
337 38.0
338 38.0
339 38.0
340 38.0
341 38.0
342 33.0
343 33.0
344 33.0
345 33.0
346 33.0
347 33.0
348 33.0
349 33.0
350 32.0
351 32.0
352 32.0
353 32.0
354 32.0
355 32.0
356 32.0
357 32.0
358 32.0
359 32.0
360 32.0
361 32.0
362 30.0
363 30.0
364 30.0
365 30.0
366 30.0
367 25.0
368 25.0
369 25.0
370 25.0
371 12.0
372 6.0
373 1.0
374 0.0
375 0.0
376 0.0
377 0.0
378 0.0
379 0.0
380 0.0
381 0.0
382 0.0
383 0.0
384 0.0
385 0.0
386 0.0
387 0.0
388 0.0
389 0.0
390 0.0
391 0.0
392 0.0
393 0.0
394 0.0
395 0.0
396 0.0
397 0.0
398 0.0
399 0.0
400 0.0
401 0.0
402 0.0
403 0.0
404 204.0
405 204.0
406 204.0
407 203.0
408 203.0
409 203.0
410 203.0
411 203.0
412 203.0
413 203.0
414 203.0
415 191.0
416 186.0
417 180.0
418 180.0
419 180.0
420 158.0
421 158.0
422 153.0
423 109.0
424 109.0
425 109.0
426 104.0
427 104.0
428 103.0
429 103.0
430 103.0
431 98.0
432 98.0
433 98.0
434 93.0
435 92.0
436 43.0
437 38.0
438 38.0
439 38.0
440 38.0
441 38.0
442 38.0
443 33.0
444 33.0
445 33.0
446 33.0
447 33.0
448 33.0
449 33.0
450 33.0
451 32.0
452 32.0
453 32.0
454 32.0
455 32.0
456 32.0
457 32.0
458 32.0
459 32.0
460 32.0
461 32.0
462 32.0
463 30.0
464 30.0
465 30.0
466 30.0
467 30.0
468 25.0
469 25.0
470 25.0
471 25.0
472 12.0
473 6.0
474 1.0
475 0.0
476 0.0
477 0.0
478 0.0
479 0.0
480 0.0
481 0.0
482 0.0
483 0.0
484 0.0
485 0.0
486 0.0
487 0.0
488 0.0
489 0.0
490 0.0
491 0.0
492 0.0
493 0.0
494 0.0
495 0.0
496 0.0
497 0.0
498 0.0
499 0.0
500 0.0
501 0.0
502 0.0
503 0.0
504 0.0
505 204.0
506 204.0
507 204.0
508 203.0
509 203.0
510 203.0
511 203.0
512 203.0
513 203.0
514 203.0
515 203.0
516 191.0
517 186.0
518 180.0
519 180.0
520 180.0
521 158.0
522 158.0
523 153.0
524 109.0
525 109.0
526 109.0
527 104.0
528 104.0
529 103.0
530 103.0
531 103.0
532 98.0
533 98.0
534 98.0
535 93.0
536 92.0
537 43.0
538 38.0
539 38.0
540 38.0
541 38.0
542 38.0
543 38.0
544 33.0
545 33.0
546 33.0
547 33.0
548 33.0
549 33.0
550 33.0
551 33.0
552 32.0
553 32.0
554 32.0
555 32.0
556 32.0
557 32.0
558 32.0
559 32.0
560 32.0
561 32.0
562 32.0
563 32.0
564 30.0
565 30.0
566 30.0
567 30.0
568 30.0
569 25.0
570 25.0
571 25.0
572 25.0
573 12.0
574 6.0
575 1.0
576 0.0
577 0.0
578 0.0
579 0.0
580 0.0
581 0.0
582 0.0
583 0.0
584 0.0
585 0.0
586 0.0
587 0.0
588 0.0
589 0.0
590 0.0
591 0.0
592 0.0
593 0.0
594 0.0
595 0.0
596 0.0
597 0.0
598 0.0
599 0.0
600 0.0
601 0.0
602 0.0
603 0.0
604 0.0
605 0.0
606 204.0
607 204.0
608 204.0
609 203.0
610 203.0
611 203.0
612 203.0
613 203.0
614 203.0
615 203.0
616 203.0
617 191.0
618 186.0
619 180.0
620 180.0
621 180.0
622 158.0
623 158.0
624 153.0
625 109.0
626 109.0
627 109.0
628 104.0
629 104.0
630 103.0
631 103.0
632 103.0
633 98.0
634 98.0
635 98.0
636 93.0
637 92.0
638 43.0
639 38.0
640 38.0
641 38.0
642 38.0
643 38.0
644 38.0
645 33.0
646 33.0
647 33.0
648 33.0
649 33.0
650 33.0
651 33.0
652 33.0
653 32.0
654 32.0
655 32.0
656 32.0
657 32.0
658 32.0
659 32.0
660 32.0
661 32.0
662 32.0
663 32.0
664 32.0
665 30.0
666 30.0
667 30.0
668 30.0
669 30.0
670 25.0
671 25.0
672 25.0
673 25.0
674 12.0
675 6.0
676 1.0
677 0.0
678 0.0
679 0.0
680 0.0
681 0.0
682 0.0
683 0.0
684 0.0
685 0.0
686 0.0
687 0.0
688 0.0
689 0.0
690 0.0
691 0.0
692 0.0
693 0.0
694 0.0
695 0.0
696 0.0
697 0.0
698 0.0
699 0.0
700 0.0
701 0.0
702 0.0
703 0.0
704 0.0
705 0.0
706 0.0
707 204.0
708 204.0
709 204.0
710 203.0
711 203.0
712 203.0
713 203.0
714 203.0
715 203.0
716 203.0
717 203.0
718 191.0
719 186.0
720 180.0
721 180.0
722 180.0
723 158.0
724 158.0
725 153.0
726 109.0
727 109.0
728 109.0
729 104.0
730 104.0
731 103.0
732 103.0
733 103.0
734 98.0
735 98.0
736 98.0
737 93.0
738 92.0
739 43.0
740 38.0
741 38.0
742 38.0
743 38.0
744 38.0
745 38.0
746 33.0
747 33.0
748 33.0
749 33.0
750 33.0
751 33.0
752 33.0
753 33.0
754 32.0
755 32.0
756 32.0
757 32.0
758 32.0
759 32.0
760 32.0
761 32.0
762 32.0
763 32.0
764 32.0
765 32.0
766 30.0
767 30.0
768 30.0
769 30.0
770 30.0
771 25.0
772 25.0
773 25.0
774 25.0
775 12.0
776 6.0
777 1.0
778 0.0
779 0.0
780 0.0
781 0.0
782 0.0
783 0.0
784 0.0
785 0.0
786 0.0
787 0.0
788 0.0
789 0.0
790 0.0
791 0.0
792 0.0
793 0.0
794 0.0
795 0.0
796 0.0
797 0.0
798 0.0
799 0.0
800 0.0
801 0.0
802 0.0
803 0.0
804 0.0
805 0.0
806 0.0
807 0.0
808 204.0
809 204.0
