1 0.0
2 0.0
3 32.0
4 98.0
5 203.0
6 203.0
7 30.0
8 32.0
9 0.0
10 0.0
11 25.0
12 0.0
13 32.0
14 30.0
15 33.0
16 32.0
17 186.0
18 32.0
19 0.0
20 32.0
21 0.0
22 38.0
23 32.0
24 38.0
25 180.0
26 203.0
27 203.0
28 109.0
29 32.0
30 38.0
31 32.0
32 0.0
33 38.0
34 0.0
35 0.0
36 180.0
37 158.0
38 32.0
39 32.0
40 0.0
41 38.0
42 203.0
43 32.0
44 32.0
45 32.0
46 0.0
47 0.0
48 38.0
49 30.0
50 0.0
51 1.0
52 203.0
53 104.0
54 32.0
55 203.0
56 30.0
57 180.0
58 203.0
59 33.0
60 32.0
61 204.0
62 32.0
63 33.0
64 44.0
65 0.0
66 38.0
67 38.0
68 32.0
69 33.0
70 32.0
71 0.0
72 0.0
73 33.0
74 32.0
75 1.0
76 0.0
77 1.0
78 33.0
79 0.0
80 0.0
81 0.0
82 175.0
83 32.0
84 180.0
85 0.0
86 0.0
87 0.0
88 32.0
89 0.0
90 20.0
91 0.0
92 32.0
93 20.0
94 158.0
95 180.0
96 0.0
97 0.0
98 38.0
99 25.0
100 32.0
101 204.0
102 204.0
103 203.0
104 203.0
105 203.0
106 203.0
107 203.0
108 203.0
109 203.0
110 203.0
111 186.0
112 180.0
113 180.0
114 180.0
115 180.0
116 180.0
117 175.0
118 158.0
119 158.0
120 109.0
121 104.0
122 98.0
123 44.0
124 38.0
125 38.0
126 38.0
127 38.0
128 38.0
129 38.0
130 38.0
131 38.0
132 38.0
133 33.0
134 33.0
135 33.0
136 33.0
137 33.0
138 33.0
139 32.0
140 32.0
141 32.0
142 32.0
143 32.0
144 32.0
145 32.0
146 32.0
147 32.0
148 32.0
149 32.0
150 32.0
151 32.0
152 32.0
153 32.0
154 32.0
155 32.0
156 32.0
157 32.0
158 32.0
159 32.0
160 32.0
161 32.0
162 32.0
163 30.0
164 30.0
165 30.0
166 30.0
167 25.0
168 25.0
169 20.0
170 20.0
171 1.0
172 1.0
173 1.0
174 0.0
175 0.0
176 0.0
177 0.0
178 0.0
179 0.0
180 0.0
181 0.0
182 0.0
183 0.0
184 0.0
185 0.0
186 0.0
187 0.0
188 0.0
189 0.0
190 0.0
191 0.0
192 0.0
193 0.0
194 0.0
195 0.0
196 0.0
197 0.0
198 0.0
199 0.0
200 0.0
201 0.0
202 204.0
203 204.0
204 203.0
205 203.0
206 203.0
207 203.0
208 203.0
209 203.0
210 203.0
211 203.0
212 186.0
213 180.0
214 180.0
215 180.0
216 180.0
217 180.0
218 175.0
219 158.0
220 158.0
221 109.0
222 104.0
223 98.0
224 44.0
225 38.0
226 38.0
227 38.0
228 38.0
229 38.0
230 38.0
231 38.0
232 38.0
233 38.0
234 33.0
235 33.0
236 33.0
237 33.0
238 33.0
239 33.0
240 32.0
241 32.0
242 32.0
243 32.0
244 32.0
245 32.0
246 32.0
247 32.0
248 32.0
249 32.0
250 32.0
251 32.0
252 32.0
253 32.0
254 32.0
255 32.0
256 32.0
257 32.0
258 32.0
259 32.0
260 32.0
261 32.0
262 32.0
263 32.0
264 30.0
265 30.0
266 30.0
267 30.0
268 25.0
269 25.0
270 20.0
271 20.0
272 1.0
273 1.0
274 1.0
275 0.0
276 0.0
277 0.0
278 0.0
279 0.0
280 0.0
281 0.0
282 0.0
283 0.0
284 0.0
285 0.0
286 0.0
287 0.0
288 0.0
289 0.0
290 0.0
291 0.0
292 0.0
293 0.0
294 0.0
295 0.0
296 0.0
297 0.0
298 0.0
299 0.0
300 0.0
301 0.0
302 0.0
303 204.0
304 204.0
305 203.0
306 203.0
307 203.0
308 203.0
309 203.0
310 203.0
311 203.0
312 203.0
313 186.0
314 180.0
315 180.0
316 180.0
317 180.0
318 180.0
319 175.0
320 158.0
321 158.0
322 109.0
323 104.0
324 98.0
