1 158.0
2 30.0
3 98.0
4 0.0
5 114.0
6 0.0
7 38.0
8 0.0
9 0.0
10 0.0
11 6.0
12 25.0
13 0.0
14 104.0
15 33.0
16 30.0
17 33.0
18 98.0
19 175.0
20 169.0
21 32.0
22 49.0
23 30.0
24 0.0
25 33.0
26 25.0
27 32.0
28 0.0
29 32.0
30 30.0
31 1.0
32 32.0
33 0.0
34 174.0
35 31.0
36 0.0
37 32.0
38 32.0
39 32.0
40 104.0
41 92.0
42 0.0
43 31.0
44 0.0
45 164.0
46 6.0
47 203.0
48 30.0
49 0.0
50 32.0
51 204.0
52 203.0
53 30.0
54 25.0
55 25.0
56 32.0
57 30.0
58 0.0
59 1.0
60 0.0
61 109.0
62 32.0
63 0.0
64 14.0
65 32.0
66 32.0
67 0.0
68 203.0
69 203.0
70 33.0
71 38.0
72 0.0
73 32.0
74 25.0
75 32.0
76 20.0
77 32.0
78 203.0
79 0.0
80 98.0
81 20.0
82 32.0
83 30.0
84 0.0
85 103.0
86 32.0
87 33.0
88 0.0
89 32.0
90 109.0
91 30.0
92 0.0
93 0.0
94 203.0
95 180.0
96 32.0
97 38.0
98 25.0
99 33.0
100 32.0
101 204.0
102 204.0
103 203.0
104 203.0
105 203.0
106 203.0
107 203.0
108 203.0
109 180.0
110 175.0
111 174.0
112 169.0
113 164.0
114 158.0
115 114.0
116 109.0
117 109.0
118 104.0
119 104.0
120 103.0
121 98.0
122 98.0
123 98.0
124 92.0
125 49.0
126 38.0
127 38.0
128 38.0
129 33.0
130 33.0
131 33.0
132 33.0
133 33.0
134 33.0
135 32.0
136 32.0
137 32.0
138 32.0
139 32.0
140 32.0
141 32.0
142 32.0
143 32.0
144 32.0
145 32.0
146 32.0
147 32.0
148 32.0
149 32.0
150 32.0
151 32.0
152 30.0
153 203.0
154 0.0
155 0.0
156 203.0
157 25.0
158 38.0
159 0.0
160 203.0
161 0.0
162 0.0
163 30.0
164 32.0
165 175.0
166 0.0
167 109.0
168 174.0
169 32.0
170 203.0
171 114.0
172 98.0
173 38.0
174 30.0
175 0.0
176 38.0
177 38.0
178 114.0
179 0.0
180 1.0
181 0.0
182 93.0
183 204.0
184 38.0
185 191.0
186 32.0
187 0.0
188 104.0
189 32.0
190 31.0
191 169.0
192 0.0
193 203.0
194 25.0
195 32.0
196 204.0
197 32.0
198 0.0
199 38.0
200 164.0
201 32.0
202 204.0
203 204.0
204 204.0
205 204.0
206 203.0
207 203.0
208 203.0
209 203.0
210 203.0
211 203.0
212 203.0
213 203.0
214 203.0
215 203.0
216 203.0
217 191.0
218 180.0
219 175.0
220 175.0
221 174.0
222 174.0
223 169.0
224 169.0
225 164.0
226 164.0
227 158.0
228 114.0
229 114.0
230 114.0
231 109.0
232 109.0
233 109.0
234 104.0
235 104.0
236 104.0
237 103.0
238 98.0
239 98.0
240 98.0
241 98.0
242 93.0
243 92.0
244 49.0
245 38.0
246 38.0
247 38.0
248 38.0
249 38.0
250 38.0
251 38.0
252 38.0
253 25.0
254 32.0
255 6.0
256 203.0
257 33.0
258 114.0
259 203.0
260 0.0
261 203.0
262 158.0
263 204.0
264 38.0
265 203.0
266 203.0
267 203.0
268 30.0
269 104.0
270 33.0
271 203.0
272 174.0
273 0.0
274 180.0
275 174.0
276 32.0
277 32.0
278 33.0
279 104.0
280 33.0
281 32.0
282 32.0
283 203.0
284 0.0
285 180.0
286 32.0
287 93.0
288 31.0
289 98.0
290 30.0
291 203.0
292 32.0
293 92.0
294 32.0
295 38.0
296 38.0
297 32.0
298 38.0
299 11.0
300 180.0
301 32.0
302 203.0
303 204.0
304 204.0
305 204.0
306 204.0
307 204.0
308 203.0
309 203.0
310 203.0
311 203.0
312 203.0
313 203.0
314 203.0
315 203.0
316 203.0
317 203.0
318 203.0
319 203.0
320 203.0
321 203.0
322 203.0
323 203.0
324 203.0
325 203.0
326 203.0
327 203.0
328 203.0
329 191.0
330 180.0
331 180.0
332 180.0
333 180.0
334 175.0
335 175.0
336 174.0
337 174.0
338 174.0
339 174.0
340 169.0
341 169.0
342 164.0
343 164.0
344 158.0
345 158.0
346 114.0
347 114.0
348 114.0
349 114.0
350 109.0
351 109.0
352 109.0
353 104.0
354 204.0
355 104.0
356 98.0
357 30.0
358 0.0
359 203.0
360 204.0
361 203.0
362 203.0
363 191.0
364 191.0
365 180.0
366 204.0
367 204.0
368 6.0
369 203.0
370 32.0
371 33.0
372 203.0
373 104.0
374 0.0
375 203.0
376 169.0
377 204.0
378 158.0
379 203.0
380 109.0
381 98.0
382 180.0
383 169.0
384 114.0
385 203.0
386 153.0
387 114.0
388 180.0
389 185.0
390 158.0
391 169.0
392 0.0
393 30.0
394 203.0
395 103.0
396 104.0
397 32.0
398 98.0
399 49.0
400 103.0
401 32.0
402 33.0
403 1.0
404 204.0
405 204.0
406 204.0
407 204.0
408 204.0
409 204.0
410 204.0
411 204.0
412 204.0
413 204.0
414 203.0
415 203.0
416 203.0
417 203.0
418 203.0
419 203.0
420 203.0
421 203.0
422 203.0
423 203.0
424 203.0
425 203.0
426 203.0
427 203.0
428 203.0
429 203.0
430 203.0
431 203.0
432 203.0
433 203.0
434 203.0
435 203.0
436 203.0
437 203.0
438 203.0
439 203.0
440 203.0
441 203.0
442 203.0
443 203.0
444 191.0
445 191.0
446 191.0
447 185.0
448 180.0
449 180.0
450 180.0
451 180.0
452 180.0
453 180.0
454 180.0
455 0.0
456 203.0
457 203.0
458 204.0
459 103.0
460 203.0
461 32.0
462 204.0
463 203.0
464 104.0
465 98.0
466 203.0
467 203.0
468 32.0
469 203.0
470 33.0
471 174.0
472 32.0
473 203.0
474 32.0
475 203.0
476 203.0
477 203.0
478 203.0
479 0.0
480 0.0
481 33.0
482 203.0
483 203.0
484 204.0
485 38.0
486 203.0
487 0.0
488 203.0
489 25.0
490 203.0
491 203.0
492 204.0
493 32.0
494 191.0
495 38.0
496 49.0
497 185.0
498 38.0
499 32.0
500 32.0
501 32.0
502 104.0
503 174.0
504 180.0
505 204.0
506 204.0
507 204.0
508 204.0
509 204.0
510 204.0
511 204.0
512 204.0
513 204.0
514 204.0
515 204.0
516 204.0
517 204.0
518 204.0
519 203.0
520 203.0
521 203.0
522 203.0
523 203.0
524 203.0
525 203.0
526 203.0
527 203.0
528 203.0
529 203.0
530 203.0
531 203.0
532 203.0
533 203.0
534 203.0
535 203.0
536 203.0
537 203.0
538 203.0
539 203.0
540 203.0
541 203.0
542 203.0
543 203.0
544 203.0
545 203.0
546 203.0
547 203.0
548 203.0
549 203.0
550 203.0
551 203.0
552 203.0
553 203.0
554 203.0
555 203.0
556 203.0
557 38.0
558 203.0
559 203.0
560 204.0
561 204.0
562 30.0
563 203.0
564 0.0
565 203.0
566 33.0
567 104.0
568 204.0
569 204.0
570 0.0
571 32.0
572 203.0
573 98.0
574 203.0
575 0.0
576 6.0
577 203.0
578 104.0
579 0.0
580 203.0
581 32.0
582 109.0
583 38.0
584 203.0
585 33.0
586 203.0
587 203.0
588 0.0
589 180.0
590 38.0
591 203.0
592 204.0
593 109.0
594 43.0
595 203.0
596 203.0
597 203.0
598 6.0
599 169.0
600 203.0
601 174.0
602 38.0
603 204.0
604 203.0
605 203.0
606 204.0
607 204.0
608 204.0
609 204.0
610 204.0
611 204.0
612 204.0
613 204.0
614 204.0
615 204.0
616 204.0
617 204.0
618 204.0
619 204.0
620 204.0
621 204.0
622 204.0
623 204.0
624 204.0
625 204.0
626 203.0
627 203.0
628 203.0
629 203.0
630 203.0
631 203.0
632 203.0
633 203.0
634 203.0
635 203.0
636 203.0
637 203.0
638 203.0
639 203.0
640 203.0
641 203.0
642 203.0
643 203.0
644 203.0
645 203.0
646 203.0
647 203.0
648 203.0
649 203.0
650 203.0
651 203.0
652 203.0
653 203.0
654 203.0
655 203.0
656 203.0
657 0.0
658 103.0
659 203.0
660 203.0
661 32.0
662 204.0
663 25.0
664 0.0
665 32.0
666 204.0
667 204.0
668 0.0
669 0.0
670 109.0
671 0.0
672 203.0
673 203.0
674 1.0
675 1.0
676 180.0
677 203.0
678 0.0
679 1.0
680 0.0
681 0.0
682 203.0
683 203.0
684 0.0
685 33.0
686 203.0
687 38.0
688 204.0
689 191.0
690 0.0
691 49.0
692 0.0
693 203.0
694 32.0
695 0.0
696 203.0
697 114.0
698 32.0
699 0.0
700 204.0
701 17.0
702 203.0
703 203.0
704 203.0
705 30.0
706 1.0
707 204.0
708 204.0
709 204.0
710 204.0
711 204.0
712 204.0
713 204.0
714 204.0
715 204.0
716 204.0
717 204.0
718 204.0
719 204.0
720 204.0
721 204.0
722 204.0
723 204.0
724 204.0
725 204.0
726 204.0
727 204.0
728 204.0
729 204.0
730 204.0
731 204.0
732 203.0
733 203.0
734 203.0
735 203.0
736 203.0
737 203.0
738 203.0
739 203.0
740 203.0
741 203.0
742 203.0
743 203.0
744 203.0
745 203.0
746 203.0
747 203.0
748 203.0
749 203.0
750 203.0
751 203.0
752 203.0
753 203.0
754 203.0
755 203.0
756 203.0
757 203.0
758 203.0
759 32.0
760 0.0
761 30.0
762 44.0
763 203.0
764 203.0
765 203.0
766 12.0
767 1.0
768 33.0
769 203.0
770 109.0
771 204.0
772 203.0
773 1.0
774 203.0
775 203.0
776 203.0
777 203.0
778 109.0
779 204.0
780 203.0
781 0.0
782 203.0
783 0.0
784 0.0
785 203.0
786 30.0
787 0.0
788 0.0
789 203.0
790 0.0
791 0.0
792 203.0
793 203.0
794 0.0
795 33.0
796 32.0
797 33.0
798 203.0
799 203.0
800 204.0
801 169.0
802 203.0
803 38.0
804 0.0
805 203.0
806 203.0
807 32.0
808 204.0
809 204.0
810 204.0
811 204.0
812 204.0
813 204.0
814 204.0
815 204.0
816 204.0
817 204.0
818 204.0
819 204.0
820 204.0
821 204.0
822 204.0
823 204.0
824 204.0
825 204.0
826 204.0
827 204.0
828 204.0
829 204.0
830 204.0
831 204.0
832 204.0
833 204.0
834 204.0
835 204.0
836 203.0
837 203.0
838 203.0
839 203.0
840 203.0
841 203.0
842 203.0
843 203.0
844 203.0
845 203.0
846 203.0
847 203.0
848 203.0
849 203.0
850 203.0
851 203.0
852 203.0
853 203.0
854 203.0
855 203.0
856 203.0
857 203.0
858 203.0
859 32.0
860 1.0
861 180.0
862 203.0
863 0.0
864 204.0
865 204.0
866 204.0
867 204.0
868 203.0
869 1.0
870 204.0
871 203.0
872 204.0
873 30.0
874 203.0
875 203.0
876 32.0
877 38.0
878 203.0
879 0.0
880 32.0
881 203.0
882 204.0
883 32.0
884 191.0
885 32.0
886 204.0
887 180.0
888 32.0
889 32.0
890 0.0
891 203.0
892 203.0
893 203.0
894 204.0
895 33.0
896 33.0
897 203.0
898 203.0
899 203.0
900 38.0
901 98.0
902 203.0
903 32.0
904 203.0
905 203.0
906 204.0
907 30.0
908 203.0
909 204.0
910 204.0
911 204.0
912 204.0
913 204.0
914 204.0
915 204.0
916 204.0
917 204.0
918 204.0
919 204.0
920 204.0
921 204.0
922 204.0
923 204.0
924 204.0
925 204.0
926 204.0
927 204.0
928 204.0
929 204.0
930 204.0
931 204.0
932 204.0
933 204.0
934 204.0
935 204.0
936 204.0
937 204.0
938 204.0
939 204.0
940 204.0
941 204.0
942 204.0
943 204.0
944 204.0
945 204.0
946 204.0
947 203.0
948 203.0
949 203.0
950 203.0
951 203.0
952 203.0
953 203.0
954 203.0
955 203.0
956 203.0
957 203.0
958 203.0
959 203.0
960 38.0
961 0.0
962 25.0
963 203.0
964 203.0
965 204.0
966 109.0
967 203.0
968 204.0
969 204.0
970 204.0
971 114.0
972 204.0
973 203.0
974 204.0
975 203.0
976 203.0
977 203.0
978 0.0
979 30.0
980 204.0
981 204.0
982 204.0
983 204.0
984 32.0
985 203.0
986 203.0
987 204.0
988 203.0
989 204.0
990 174.0
991 32.0
992 204.0
993 204.0
994 204.0
995 203.0
996 203.0
997 204.0
998 204.0
999 32.0
1000 169.0
1001 203.0
1002 203.0
1003 204.0
1004 0.0
1005 204.0
1006 180.0
1007 203.0
1008 203.0
1009 203.0
1010 204.0
1011 204.0
1012 204.0
1013 204.0
1014 204.0
1015 204.0
1016 204.0
1017 204.0
1018 204.0
1019 204.0
1020 204.0
1021 204.0
1022 204.0
1023 204.0
1024 204.0
1025 204.0
1026 204.0
1027 204.0
1028 204.0
1029 204.0
1030 204.0
1031 204.0
1032 204.0
1033 204.0
1034 204.0
1035 204.0
1036 204.0
1037 204.0
1038 204.0
1039 204.0
1040 204.0
1041 204.0
1042 204.0
1043 204.0
1044 204.0
1045 204.0
1046 204.0
1047 204.0
1048 204.0
1049 204.0
1050 204.0
1051 204.0
1052 204.0
1053 204.0
1054 204.0
1055 204.0
1056 204.0
1057 204.0
1058 204.0
1059 204.0
1060 204.0
1061 0.0
1062 38.0
1063 203.0
1064 204.0
1065 204.0
1066 203.0
1067 104.0
1068 25.0
1069 204.0
1070 120.0
1071 38.0
1072 203.0
1073 203.0
1074 25.0
1075 203.0
1076 33.0
1077 203.0
1078 203.0
1079 203.0
1080 203.0
1081 204.0
1082 0.0
1083 203.0
1084 203.0
1085 0.0
1086 204.0
1087 203.0
1088 203.0
1089 203.0
1090 204.0
1091 203.0
1092 204.0
1093 203.0
1094 203.0
1095 204.0
1096 203.0
1097 203.0
1098 33.0
1099 114.0
1100 30.0
1101 32.0
1102 203.0
1103 203.0
1104 204.0
1105 203.0
1106 32.0
1107 204.0
1108 104.0
1109 0.0
1110 204.0
1111 204.0
1112 204.0
1113 204.0
1114 204.0
1115 204.0
1116 204.0
1117 204.0
1118 204.0
1119 204.0
1120 204.0
1121 204.0
1122 204.0
1123 204.0
1124 204.0
1125 204.0
1126 204.0
1127 204.0
1128 204.0
1129 204.0
1130 204.0
1131 204.0
1132 204.0
1133 204.0
1134 204.0
1135 204.0
1136 204.0
1137 204.0
1138 204.0
1139 204.0
1140 204.0
1141 204.0
1142 204.0
1143 204.0
1144 204.0
1145 204.0
1146 204.0
1147 204.0
1148 204.0
1149 204.0
1150 204.0
1151 204.0
1152 204.0
1153 204.0
1154 204.0
1155 204.0
1156 204.0
1157 204.0
1158 204.0
1159 204.0
1160 204.0
1161 204.0
1162 203.0
1163 38.0
1164 98.0
1165 203.0
1166 203.0
1167 204.0
1168 204.0
1169 203.0
1170 191.0
1171 114.0
1172 203.0
1173 204.0
1174 204.0
1175 203.0
1176 12.0
1177 32.0
1178 203.0
1179 32.0
1180 180.0
1181 203.0
1182 0.0
1183 25.0
1184 203.0
1185 32.0
1186 203.0
1187 180.0
1188 204.0
1189 0.0
1190 203.0
1191 38.0
1192 169.0
1193 203.0
1194 204.0
1195 203.0
1196 204.0
1197 33.0
1198 33.0
1199 204.0
1200 203.0
1201 204.0
1202 204.0
1203 203.0
1204 6.0
1205 32.0
1206 98.0
1207 0.0
1208 32.0
1209 204.0
1210 203.0
1211 203.0
1212 204.0
1213 204.0
1214 204.0
1215 204.0
1216 204.0
1217 204.0
1218 204.0
1219 204.0
1220 204.0
1221 204.0
1222 204.0
1223 204.0
1224 204.0
1225 204.0
1226 204.0
1227 204.0
1228 204.0
1229 204.0
1230 204.0
1231 204.0
1232 204.0
1233 204.0
1234 204.0
1235 204.0
1236 204.0
1237 204.0
1238 204.0
1239 204.0
1240 204.0
1241 204.0
1242 204.0
1243 204.0
1244 204.0
1245 204.0
1246 204.0
1247 204.0
1248 204.0
1249 204.0
1250 204.0
1251 204.0
1252 204.0
1253 204.0
1254 204.0
1255 204.0
1256 204.0
1257 204.0
1258 204.0
1259 204.0
1260 204.0
1261 204.0
1262 204.0
1263 203.0
1264 0.0
1265 204.0
1266 25.0
1267 204.0
1268 33.0
1269 204.0
1270 109.0
1271 204.0
1272 30.0
1273 204.0
1274 25.0
1275 174.0
1276 203.0
1277 204.0
1278 203.0
1279 204.0
1280 204.0
1281 203.0
1282 204.0
1283 203.0
1284 32.0
1285 204.0
1286 203.0
1287 32.0
1288 203.0
1289 203.0
1290 204.0
1291 203.0
1292 204.0
1293 204.0
1294 204.0
1295 204.0
1296 0.0
1297 203.0
1298 204.0
1299 103.0
1300 203.0
1301 169.0
1302 98.0
1303 204.0
1304 203.0
1305 109.0
1306 32.0
1307 180.0
1308 203.0
1309 204.0
1310 203.0
1311 204.0
1312 180.0
1313 204.0
1314 204.0
1315 204.0
1316 204.0
1317 204.0
1318 204.0
1319 204.0
1320 204.0
1321 204.0
1322 204.0
1323 204.0
1324 204.0
1325 204.0
1326 204.0
1327 204.0
1328 204.0
1329 204.0
1330 204.0
1331 204.0
1332 204.0
1333 204.0
1334 204.0
1335 204.0
1336 204.0
1337 204.0
1338 204.0
1339 204.0
1340 204.0
1341 204.0
1342 204.0
1343 204.0
1344 204.0
1345 204.0
1346 204.0
1347 204.0
1348 204.0
1349 204.0
1350 204.0
1351 204.0
1352 204.0
1353 204.0
1354 204.0
1355 204.0
1356 204.0
1357 204.0
1358 204.0
1359 204.0
1360 204.0
1361 204.0
1362 204.0
1363 204.0
1364 204.0
1365 204.0
1366 204.0
1367 32.0
1368 191.0
1369 203.0
1370 204.0
1371 203.0
1372 38.0
1373 203.0
1374 204.0
1375 33.0
1376 32.0
1377 203.0
1378 203.0
1379 204.0
1380 109.0
1381 204.0
1382 32.0
1383 203.0
1384 203.0
1385 0.0
1386 33.0
1387 203.0
1388 169.0
1389 203.0
1390 204.0
1391 32.0
1392 33.0
1393 33.0
1394 38.0
1395 180.0
1396 32.0
1397 204.0
1398 203.0
1399 98.0
1400 109.0
1401 203.0
1402 203.0
1403 203.0
1404 203.0
1405 109.0
1406 204.0
1407 32.0
1408 204.0
1409 203.0
1410 203.0
1411 33.0
1412 32.0
1413 204.0
1414 204.0
1415 204.0
1416 204.0
1417 204.0
1418 204.0
1419 204.0
1420 204.0
1421 204.0
1422 204.0
1423 204.0
1424 204.0
1425 204.0
1426 204.0
1427 204.0
1428 204.0
1429 204.0
1430 204.0
1431 204.0
1432 204.0
1433 204.0
1434 204.0
1435 204.0
1436 204.0
1437 204.0
1438 204.0
1439 204.0
1440 204.0
1441 204.0
1442 204.0
1443 204.0
1444 204.0
1445 204.0
1446 204.0
1447 204.0
1448 204.0
1449 204.0
1450 204.0
1451 204.0
1452 204.0
1453 204.0
1454 204.0
1455 204.0
1456 204.0
1457 204.0
1458 204.0
1459 204.0
1460 204.0
1461 204.0
1462 204.0
1463 204.0
1464 204.0
1465 25.0
1466 203.0
1467 109.0
1468 204.0
1469 204.0
1470 204.0
1471 204.0
1472 203.0
1473 204.0
1474 204.0
1475 169.0
1476 204.0
1477 109.0
1478 203.0
1479 204.0
1480 203.0
1481 204.0
1482 0.0
1483 204.0
1484 98.0
1485 204.0
1486 203.0
1487 32.0
1488 204.0
1489 204.0
1490 204.0
1491 204.0
1492 185.0
1493 33.0
1494 204.0
1495 32.0
1496 204.0
1497 31.0
1498 203.0
1499 203.0
1500 203.0
1501 203.0
1502 204.0
1503 203.0
1504 204.0
1505 33.0
1506 204.0
1507 6.0
1508 203.0
1509 32.0
1510 204.0
1511 203.0
1512 203.0
1513 109.0
1514 203.0
1515 204.0
1516 204.0
1517 204.0
1518 204.0
1519 204.0
1520 204.0
1521 204.0
1522 204.0
1523 204.0
1524 204.0
1525 204.0
1526 204.0
1527 204.0
1528 204.0
1529 204.0
1530 204.0
1531 204.0
1532 204.0
1533 204.0
1534 204.0
1535 204.0
1536 204.0
1537 204.0
1538 204.0
1539 204.0
1540 204.0
1541 204.0
1542 204.0
1543 204.0
1544 204.0
1545 204.0
1546 204.0
1547 204.0
1548 204.0
1549 204.0
1550 204.0
1551 204.0
1552 204.0
1553 204.0
1554 204.0
1555 204.0
1556 204.0
1557 204.0
1558 204.0
1559 204.0
1560 204.0
1561 204.0
1562 204.0
1563 204.0
1564 204.0
1565 204.0
1566 204.0
1567 169.0
1568 204.0
1569 204.0
1570 204.0
1571 203.0
1572 203.0
1573 174.0
1574 203.0
1575 204.0
1576 203.0
1577 203.0
1578 204.0
1579 203.0
1580 103.0
1581 204.0
1582 203.0
1583 204.0
1584 204.0
1585 1.0
1586 204.0
1587 186.0
1588 204.0
1589 6.0
1590 204.0
1591 109.0
1592 204.0
1593 204.0
1594 180.0
1595 30.0
1596 203.0
1597 203.0
1598 98.0
1599 38.0
1600 180.0
1601 109.0
1602 203.0
1603 204.0
1604 0.0
1605 204.0
1606 203.0
1607 203.0
1608 204.0
1609 169.0
1610 32.0
1611 203.0
1612 204.0
1613 32.0
1614 203.0
1615 32.0
1616 204.0
1617 204.0
1618 204.0
1619 204.0
1620 204.0
1621 204.0
1622 204.0
1623 204.0
1624 204.0
1625 204.0
1626 204.0
1627 204.0
1628 204.0
1629 204.0
1630 204.0
1631 204.0
1632 204.0
1633 204.0
1634 204.0
1635 204.0
1636 204.0
1637 204.0
1638 204.0
1639 204.0
1640 204.0
1641 204.0
1642 204.0
1643 204.0
1644 204.0
1645 204.0
1646 204.0
1647 204.0
1648 204.0
1649 204.0
1650 204.0
1651 204.0
1652 204.0
1653 204.0
1654 204.0
1655 204.0
1656 204.0
1657 204.0
1658 204.0
1659 204.0
1660 204.0
1661 204.0
1662 204.0
1663 204.0
1664 204.0
1665 204.0
1666 204.0
1667 203.0
1668 204.0
1669 0.0
1670 204.0
1671 32.0
1672 114.0
1673 203.0
1674 203.0
1675 203.0
1676 204.0
1677 204.0
1678 98.0
1679 103.0
1680 203.0
1681 204.0
1682 203.0
1683 33.0
1684 203.0
1685 204.0
1686 203.0
1687 204.0
1688 204.0
1689 204.0
1690 38.0
1691 203.0
1692 204.0
1693 203.0
1694 6.0
1695 203.0
1696 191.0
1697 204.0
1698 204.0
1699 203.0
1700 169.0
1701 203.0
1702 0.0
1703 204.0
1704 32.0
1705 203.0
1706 203.0
1707 38.0
1708 175.0
1709 204.0
1710 203.0
1711 204.0
1712 203.0
1713 204.0
1714 32.0
1715 203.0
1716 204.0
1717 204.0
1718 204.0
1719 204.0
1720 204.0
1721 204.0
1722 204.0
1723 204.0
1724 204.0
1725 204.0
1726 204.0
1727 204.0
1728 204.0
1729 204.0
1730 204.0
1731 204.0
1732 204.0
1733 204.0
1734 204.0
1735 204.0
1736 204.0
1737 204.0
1738 204.0
1739 204.0
1740 204.0
1741 204.0
1742 204.0
1743 204.0
1744 204.0
1745 204.0
1746 204.0
1747 204.0
1748 204.0
1749 204.0
1750 204.0
1751 204.0
1752 204.0
1753 204.0
1754 204.0
1755 204.0
1756 204.0
1757 204.0
1758 204.0
1759 204.0
1760 204.0
1761 204.0
1762 204.0
1763 204.0
1764 204.0
1765 204.0
1766 204.0
1767 204.0
1768 203.0
1769 169.0
1770 180.0
1771 203.0
1772 33.0
1773 203.0
1774 203.0
1775 204.0
1776 30.0
1777 203.0
1778 38.0
1779 204.0
1780 203.0
1781 204.0
1782 204.0
1783 32.0
1784 204.0
1785 180.0
1786 33.0
1787 98.0
1788 204.0
1789 204.0
1790 203.0
1791 204.0
1792 204.0
1793 203.0
1794 204.0
1795 203.0
1796 25.0
1797 204.0
1798 204.0
1799 186.0
1800 204.0
1801 204.0
1802 204.0
1803 203.0
1804 204.0
1805 204.0
1806 204.0
1807 204.0
1808 203.0
1809 204.0
1810 203.0
1811 203.0
1812 203.0
1813 0.0
1814 169.0
1815 203.0
1816 203.0
1817 204.0
1818 204.0
1819 204.0
1820 204.0
1821 204.0
1822 204.0
1823 204.0
1824 204.0
1825 204.0
1826 204.0
1827 204.0
1828 204.0
1829 204.0
1830 204.0
1831 204.0
1832 204.0
1833 204.0
1834 204.0
1835 204.0
1836 204.0
1837 204.0
1838 204.0
1839 204.0
1840 204.0
1841 204.0
1842 204.0
1843 204.0
1844 204.0
1845 204.0
1846 204.0
1847 204.0
1848 204.0
1849 204.0
1850 204.0
1851 204.0
1852 204.0
1853 204.0
1854 204.0
1855 204.0
1856 204.0
1857 204.0
1858 204.0
1859 204.0
1860 204.0
1861 204.0
1862 204.0
1863 204.0
1864 204.0
1865 204.0
1866 204.0
1867 204.0
1868 204.0
1869 204.0
1870 203.0
1871 33.0
1872 0.0
1873 204.0
1874 32.0
1875 103.0
1876 30.0
1877 204.0
1878 203.0
1879 203.0
1880 204.0
1881 114.0
1882 204.0
1883 204.0
1884 204.0
1885 114.0
1886 204.0
1887 203.0
1888 204.0
1889 204.0
1890 204.0
1891 204.0
1892 203.0
1893 33.0
1894 203.0
1895 109.0
1896 203.0
1897 204.0
1898 204.0
1899 203.0
1900 174.0
1901 203.0
1902 33.0
1903 30.0
1904 203.0
1905 98.0
1906 204.0
1907 203.0
1908 30.0
1909 103.0
1910 203.0
1911 204.0
1912 6.0
1913 98.0
1914 33.0
1915 204.0
1916 180.0
1917 204.0
1918 109.0
1919 204.0
1920 204.0
1921 204.0
1922 204.0
1923 204.0
1924 204.0
1925 204.0
1926 204.0
1927 204.0
1928 204.0
1929 204.0
1930 204.0
1931 204.0
1932 204.0
1933 204.0
1934 204.0
1935 204.0
1936 204.0
1937 204.0
1938 204.0
1939 204.0
1940 204.0
1941 204.0
1942 204.0
1943 204.0
1944 204.0
1945 204.0
1946 204.0
1947 204.0
1948 204.0
1949 204.0
1950 204.0
1951 204.0
1952 204.0
1953 204.0
1954 204.0
1955 204.0
1956 204.0
1957 204.0
1958 204.0
1959 204.0
1960 204.0
1961 204.0
1962 204.0
1963 204.0
1964 204.0
1965 204.0
1966 204.0
1967 204.0
1968 204.0
1969 204.0
1970 203.0
1971 203.0
1972 203.0
1973 204.0
1974 204.0
1975 33.0
1976 204.0
1977 109.0
1978 204.0
1979 203.0
1980 203.0
1981 203.0
1982 204.0
1983 204.0
1984 180.0
1985 203.0
1986 204.0
1987 175.0
1988 204.0
1989 203.0
1990 0.0
1991 0.0
1992 204.0
1993 204.0
1994 204.0
1995 204.0
1996 204.0
1997 203.0
1998 186.0
1999 204.0
2000 33.0
2001 203.0
2002 203.0
2003 204.0
2004 203.0
2005 175.0
2006 204.0
2007 204.0
2008 33.0
2009 204.0
2010 204.0
2011 38.0
2012 114.0
2013 103.0
2014 114.0
2015 204.0
2016 203.0
2017 204.0
2018 203.0
2019 204.0
2020 204.0
2021 204.0
2022 204.0
2023 204.0
2024 204.0
2025 204.0
2026 204.0
2027 204.0
2028 204.0
2029 204.0
2030 204.0
2031 204.0
2032 204.0
2033 204.0
2034 204.0
2035 204.0
2036 204.0
2037 204.0
2038 204.0
2039 204.0
2040 204.0
2041 204.0
2042 204.0
2043 204.0
2044 204.0
2045 204.0
2046 204.0
2047 204.0
2048 204.0
2049 204.0
2050 204.0
2051 204.0
2052 204.0
2053 204.0
2054 204.0
2055 204.0
2056 204.0
2057 204.0
2058 204.0
2059 204.0
2060 204.0
2061 204.0
2062 204.0
2063 204.0
2064 204.0
2065 204.0
2066 204.0
2067 204.0
2068 204.0
2069 204.0
2070 204.0
2071 33.0
2072 38.0
2073 169.0
2074 203.0
2075 204.0
2076 203.0
2077 38.0
2078 203.0
2079 204.0
2080 98.0
2081 204.0
2082 175.0
2083 203.0
2084 203.0
2085 204.0
2086 203.0
2087 203.0
2088 114.0
2089 204.0
2090 186.0
2091 204.0
2092 103.0
2093 204.0
2094 204.0
2095 204.0
2096 203.0
2097 204.0
2098 38.0
2099 204.0
2100 204.0
2101 203.0
2102 204.0
2103 38.0
2104 204.0
2105 203.0
2106 204.0
2107 203.0
2108 204.0
2109 203.0
2110 204.0
2111 203.0
2112 203.0
2113 33.0
2114 204.0
2115 204.0
2116 203.0
2117 204.0
2118 203.0
2119 203.0
2120 204.0
2121 204.0
2122 204.0
2123 204.0
2124 204.0
2125 204.0
2126 204.0
2127 204.0
2128 204.0
2129 204.0
2130 204.0
2131 204.0
2132 204.0
2133 204.0
2134 204.0
2135 204.0
2136 204.0
2137 204.0
2138 204.0
2139 204.0
2140 204.0
2141 204.0
2142 204.0
2143 204.0
2144 204.0
2145 204.0
2146 204.0
2147 204.0
2148 204.0
2149 204.0
2150 204.0
2151 204.0
2152 204.0
2153 204.0
2154 204.0
2155 204.0
2156 204.0
2157 204.0
2158 204.0
2159 204.0
2160 204.0
2161 204.0
2162 204.0
2163 204.0
2164 204.0
2165 204.0
2166 204.0
2167 204.0
2168 204.0
2169 204.0
2170 204.0
2171 204.0
2172 204.0
2173 38.0
2174 204.0
2175 204.0
2176 204.0
2177 204.0
2178 203.0
2179 204.0
2180 204.0
2181 204.0
2182 203.0
2183 203.0
2184 203.0
2185 203.0
2186 204.0
2187 32.0
2188 203.0
2189 203.0
2190 204.0
2191 33.0
2192 204.0
2193 203.0
2194 204.0
2195 204.0
2196 204.0
2197 204.0
2198 38.0
2199 203.0
2200 203.0
2201 33.0
2202 203.0
2203 204.0
2204 204.0
2205 6.0
2206 203.0
2207 191.0
2208 204.0
2209 203.0
2210 203.0
2211 204.0
2212 203.0
2213 204.0
2214 203.0
2215 203.0
2216 32.0
2217 0.0
2218 203.0
2219 204.0
2220 204.0
2221 204.0
2222 204.0
2223 204.0
2224 204.0
2225 204.0
2226 204.0
2227 204.0
2228 204.0
2229 204.0
2230 204.0
2231 204.0
2232 204.0
2233 204.0
2234 204.0
2235 204.0
2236 204.0
2237 204.0
2238 204.0
2239 204.0
2240 204.0
2241 204.0
2242 204.0
2243 204.0
2244 204.0
2245 204.0
2246 204.0
2247 204.0
2248 204.0
2249 204.0
2250 204.0
2251 204.0
2252 204.0
2253 204.0
2254 204.0
2255 204.0
2256 204.0
2257 204.0
2258 204.0
2259 204.0
2260 204.0
2261 204.0
2262 204.0
2263 204.0
2264 204.0
2265 204.0
2266 204.0
2267 204.0
2268 204.0
2269 204.0
2270 204.0
2271 204.0
2272 204.0
2273 191.0
2274 103.0
2275 203.0
2276 204.0
2277 203.0
2278 0.0
2279 204.0
2280 203.0
2281 203.0
2282 109.0
2283 203.0
2284 204.0
2285 203.0
2286 203.0
2287 203.0
2288 204.0
2289 203.0
2290 204.0
2291 203.0
2292 33.0
2293 109.0
2294 204.0
2295 114.0
2296 204.0
2297 203.0
2298 204.0
2299 204.0
2300 203.0
2301 30.0
2302 203.0
2303 204.0
2304 98.0
2305 203.0
2306 204.0
2307 204.0
2308 204.0
2309 204.0
2310 203.0
2311 114.0
2312 204.0
2313 103.0
2314 204.0
2315 204.0
2316 103.0
2317 204.0
2318 204.0
2319 204.0
2320 203.0
2321 204.0
2322 204.0
2323 204.0
2324 204.0
2325 204.0
2326 204.0
2327 204.0
2328 204.0
2329 204.0
2330 204.0
2331 204.0
2332 204.0
2333 204.0
2334 204.0
2335 204.0
2336 204.0
2337 204.0
2338 204.0
2339 204.0
2340 204.0
2341 204.0
2342 204.0
2343 204.0
2344 204.0
2345 204.0
2346 204.0
2347 204.0
2348 204.0
2349 204.0
2350 204.0
2351 204.0
2352 204.0
2353 204.0
2354 204.0
2355 204.0
2356 204.0
2357 204.0
2358 204.0
2359 204.0
2360 204.0
2361 204.0
2362 204.0
2363 204.0
2364 204.0
2365 204.0
2366 204.0
2367 204.0
2368 204.0
2369 204.0
2370 204.0
2371 204.0
2372 204.0
2373 204.0
2374 203.0
2375 98.0
2376 203.0
2377 204.0
2378 203.0
2379 204.0
2380 204.0
2381 204.0
2382 204.0
2383 204.0
2384 98.0
2385 98.0
2386 204.0
2387 204.0
2388 191.0
2389 203.0
2390 204.0
2391 204.0
2392 203.0
2393 186.0
2394 204.0
2395 38.0
2396 33.0
2397 204.0
2398 203.0
2399 203.0
2400 32.0
2401 203.0
2402 204.0
2403 204.0
2404 204.0
2405 103.0
2406 203.0
2407 204.0
2408 103.0
2409 203.0
2410 204.0
2411 204.0
2412 203.0
2413 203.0
2414 203.0
2415 203.0
2416 204.0
2417 204.0
2418 204.0
2419 204.0
2420 174.0
2421 33.0
2422 204.0
2423 204.0
2424 204.0
2425 204.0
2426 204.0
2427 204.0
2428 204.0
2429 204.0
2430 204.0
2431 204.0
2432 204.0
2433 204.0
2434 204.0
2435 204.0
2436 204.0
2437 204.0
2438 204.0
2439 204.0
2440 204.0
2441 204.0
2442 204.0
2443 204.0
2444 204.0
2445 204.0
2446 204.0
2447 204.0
2448 204.0
2449 204.0
2450 204.0
2451 204.0
2452 204.0
2453 204.0
2454 204.0
2455 204.0
2456 204.0
2457 204.0
2458 204.0
2459 204.0
2460 204.0
2461 204.0
2462 204.0
2463 204.0
2464 204.0
2465 204.0
2466 204.0
2467 204.0
2468 204.0
2469 204.0
2470 204.0
2471 204.0
2472 204.0
2473 204.0
2474 204.0
2475 44.0
2476 1.0
2477 203.0
2478 203.0
2479 204.0
2480 204.0
2481 204.0
2482 203.0
2483 204.0
2484 203.0
2485 204.0
2486 204.0
2487 103.0
2488 204.0
2489 204.0
2490 204.0
2491 169.0
2492 204.0
2493 203.0
2494 204.0
2495 203.0
2496 203.0
2497 103.0
2498 204.0
2499 203.0
2500 104.0
2501 203.0
2502 204.0
2503 186.0
2504 38.0
2505 204.0
2506 203.0
2507 204.0
2508 204.0
2509 204.0
2510 185.0
2511 204.0
2512 186.0
2513 203.0
2514 204.0
2515 204.0
2516 204.0
2517 204.0
2518 204.0
2519 204.0
2520 204.0
2521 204.0
2522 6.0
2523 204.0
2524 98.0
2525 204.0
2526 204.0
2527 204.0
2528 204.0
2529 204.0
2530 204.0
2531 204.0
2532 204.0
2533 204.0
2534 204.0
2535 204.0
2536 204.0
2537 204.0
2538 204.0
2539 204.0
2540 204.0
2541 204.0
2542 204.0
2543 204.0
2544 204.0
2545 204.0
2546 204.0
2547 204.0
2548 204.0
2549 204.0
2550 204.0
2551 204.0
2552 204.0
2553 204.0
2554 204.0
2555 204.0
2556 204.0
2557 204.0
2558 204.0
2559 204.0
2560 204.0
2561 204.0
2562 204.0
2563 204.0
2564 204.0
2565 204.0
2566 204.0
2567 204.0
2568 204.0
2569 204.0
2570 204.0
2571 204.0
2572 204.0
2573 204.0
2574 204.0
2575 204.0
2576 203.0
2577 203.0
2578 204.0
2579 32.0
2580 114.0
2581 204.0
2582 204.0
2583 204.0
2584 38.0
2585 204.0
2586 203.0
2587 204.0
2588 169.0
2589 32.0
2590 186.0
2591 203.0
2592 204.0
2593 204.0
2594 204.0
2595 169.0
2596 203.0
2597 204.0
2598 38.0
2599 203.0
2600 33.0
2601 204.0
2602 203.0
2603 203.0
2604 204.0
2605 204.0
2606 204.0
2607 203.0
2608 38.0
2609 203.0
2610 204.0
2611 204.0
2612 204.0
2613 204.0
2614 204.0
2615 98.0
2616 204.0
2617 114.0
2618 204.0
2619 175.0
2620 204.0
2621 191.0
2622 204.0
2623 204.0
2624 204.0
2625 204.0
2626 204.0
2627 204.0
2628 204.0
2629 204.0
2630 204.0
2631 204.0
2632 204.0
2633 204.0
2634 204.0
2635 204.0
2636 204.0
2637 204.0
2638 204.0
2639 204.0
2640 204.0
2641 204.0
2642 204.0
2643 204.0
2644 204.0
2645 204.0
2646 204.0
2647 204.0
2648 204.0
2649 204.0
2650 204.0
2651 204.0
2652 204.0
2653 204.0
2654 204.0
2655 204.0
2656 204.0
2657 204.0
2658 204.0
2659 204.0
2660 204.0
2661 204.0
2662 204.0
2663 204.0
2664 204.0
2665 204.0
2666 204.0
2667 204.0
2668 204.0
2669 204.0
2670 204.0
2671 204.0
2672 204.0
2673 204.0
2674 204.0
2675 204.0
2676 204.0
2677 204.0
2678 203.0
2679 204.0
2680 204.0
2681 204.0
2682 204.0
2683 103.0
2684 204.0
2685 203.0
2686 204.0
2687 204.0
2688 204.0
2689 204.0
2690 32.0
2691 204.0
2692 204.0
2693 203.0
2694 204.0
2695 33.0
2696 204.0
2697 204.0
2698 203.0
2699 204.0
2700 203.0
2701 0.0
2702 203.0
2703 204.0
2704 180.0
2705 204.0
2706 32.0
2707 186.0
2708 33.0
2709 204.0
2710 0.0
2711 204.0
2712 204.0
2713 103.0
2714 204.0
2715 204.0
2716 0.0
2717 0.0
2718 204.0
2719 109.0
2720 33.0
2721 204.0
2722 204.0
2723 204.0
2724 203.0
2725 204.0
2726 204.0
2727 204.0
2728 204.0
2729 204.0
2730 204.0
2731 204.0
