1 32.0
2 203.0
3 0.0
4 203.0
5 32.0
6 25.0
7 0.0
8 0.0
9 32.0
10 104.0
11 25.0
12 0.0
13 25.0
14 0.0
15 0.0
16 25.0
17 98.0
18 0.0
19 0.0
20 169.0
21 25.0
22 0.0
23 32.0
24 32.0
25 203.0
26 32.0
27 32.0
28 32.0
29 104.0
30 0.0
31 32.0
32 163.0
33 32.0
34 32.0
35 30.0
36 203.0
37 33.0
38 0.0
39 0.0
40 87.0
41 38.0
42 0.0
43 32.0
44 32.0
45 33.0
46 33.0
47 33.0
48 203.0
49 32.0
50 30.0
51 32.0
52 169.0
53 0.0
54 109.0
55 30.0
56 30.0
57 203.0
58 30.0
59 169.0
60 0.0
61 32.0
62 33.0
63 30.0
64 33.0
65 98.0
66 20.0
67 0.0
68 1.0
69 87.0
70 180.0
71 32.0
72 0.0
73 32.0
74 0.0
75 25.0
76 32.0
77 169.0
78 0.0
79 6.0
80 32.0
81 203.0
82 93.0
83 0.0
84 0.0
85 25.0
86 0.0
87 0.0
88 38.0
89 0.0
90 169.0
91 6.0
92 0.0
93 30.0
94 33.0
95 32.0
96 0.0
97 203.0
98 0.0
99 0.0
100 25.0
101 203.0
102 203.0
103 203.0
104 203.0
105 203.0
106 203.0
107 203.0
108 203.0
109 203.0
110 180.0
111 169.0
112 169.0
113 169.0
114 169.0
115 169.0
116 163.0
117 109.0
118 104.0
119 104.0
120 98.0
121 98.0
122 93.0
123 87.0
124 87.0
125 38.0
126 38.0
127 33.0
128 33.0
129 33.0
130 33.0
131 33.0
132 33.0
133 33.0
134 32.0
135 32.0
136 32.0
137 32.0
138 32.0
139 32.0
140 32.0
141 32.0
142 32.0
143 32.0
144 32.0
145 32.0
146 32.0
147 32.0
148 32.0
149 32.0
150 32.0
151 32.0
152 32.0
153 30.0
154 0.0
155 180.0
156 38.0
157 203.0
158 33.0
159 0.0
160 203.0
161 25.0
162 203.0
163 0.0
164 0.0
165 49.0
166 175.0
167 109.0
168 6.0
169 114.0
170 32.0
171 32.0
172 30.0
173 98.0
174 38.0
175 32.0
176 1.0
177 203.0
178 32.0
179 30.0
180 0.0
181 32.0
182 0.0
183 0.0
184 0.0
185 33.0
186 180.0
187 32.0
188 0.0
189 0.0
190 0.0
191 169.0
192 0.0
193 32.0
194 158.0
195 32.0
196 33.0
197 25.0
198 30.0
199 169.0
200 203.0
201 38.0
202 203.0
203 203.0
204 203.0
205 203.0
206 203.0
207 203.0
208 203.0
209 203.0
210 203.0
211 203.0
212 203.0
213 203.0
214 203.0
215 203.0
216 180.0
217 180.0
218 180.0
219 175.0
220 169.0
221 169.0
222 169.0
223 169.0
224 169.0
225 169.0
226 169.0
227 163.0
228 158.0
229 114.0
230 109.0
231 109.0
232 104.0
233 104.0
234 98.0
235 98.0
236 98.0
237 93.0
238 87.0
239 87.0
240 49.0
241 38.0
242 38.0
243 38.0
244 38.0
245 38.0
246 33.0
247 33.0
248 33.0
249 33.0
250 33.0
251 33.0
252 33.0
253 25.0
254 38.0
255 180.0
256 204.0
257 203.0
258 109.0
259 180.0
260 180.0
261 33.0
262 174.0
263 32.0
264 0.0
265 44.0
266 32.0
267 0.0
268 203.0
269 30.0
270 32.0
271 38.0
272 98.0
273 109.0
274 203.0
275 32.0
276 175.0
277 191.0
278 32.0
279 104.0
280 169.0
281 203.0
282 33.0
283 38.0
284 180.0
285 33.0
286 203.0
287 204.0
288 33.0
289 0.0
290 191.0
291 203.0
292 98.0
293 33.0
294 180.0
295 38.0
296 0.0
297 0.0
298 0.0
299 104.0
300 31.0
301 109.0
302 33.0
303 204.0
304 204.0
305 204.0
306 203.0
307 203.0
308 203.0
309 203.0
310 203.0
311 203.0
312 203.0
313 203.0
314 203.0
315 203.0
316 203.0
317 203.0
318 203.0
319 203.0
320 203.0
321 203.0
322 203.0
323 203.0
324 203.0
325 191.0
326 191.0
327 180.0
328 180.0
329 180.0
330 180.0
331 180.0
332 180.0
333 180.0
334 180.0
335 175.0
336 175.0
337 174.0
338 169.0
339 169.0
340 169.0
341 169.0
342 169.0
343 169.0
344 169.0
345 169.0
346 163.0
347 158.0
348 114.0
349 109.0
350 109.0
351 109.0
352 109.0
353 109.0
