1 0.0
2 0.0
3 1.0
4 0.0
5 180.0
6 203.0
7 203.0
8 32.0
9 104.0
10 203.0
11 32.0
12 180.0
13 38.0
14 0.0
15 32.0
16 0.0
17 0.0
18 1.0
19 104.0
20 98.0
21 6.0
22 0.0
23 32.0
24 32.0
25 1.0
26 0.0
27 38.0
28 0.0
29 103.0
30 32.0
31 32.0
32 38.0
33 32.0
34 38.0
35 32.0
36 0.0
37 0.0
38 203.0
39 38.0
40 32.0
41 25.0
42 103.0
43 0.0
44 180.0
45 32.0
46 0.0
47 0.0
48 30.0
49 30.0
50 103.0
51 25.0
52 32.0
53 104.0
54 0.0
55 33.0
56 32.0
57 32.0
58 180.0
59 180.0
60 203.0
61 203.0
62 0.0
63 38.0
64 32.0
65 33.0
66 0.0
67 0.0
68 180.0
69 203.0
70 0.0
71 203.0
72 0.0
73 98.0
74 30.0
75 0.0
76 147.0
77 0.0
78 169.0
79 32.0
80 103.0
81 30.0
82 203.0
83 43.0
84 32.0
85 32.0
86 0.0
87 30.0
88 180.0
89 33.0
90 0.0
91 32.0
92 0.0
93 98.0
94 93.0
95 32.0
96 33.0
97 0.0
98 203.0
99 0.0
100 174.0
101 203.0
102 203.0
103 203.0
