1 1.0
2 0.0
3 38.0
4 203.0
5 104.0
6 0.0
7 104.0
8 169.0
9 32.0
10 30.0
11 19.0
12 0.0
13 30.0
14 32.0
15 32.0
16 32.0
17 0.0
18 203.0
19 0.0
20 32.0
21 169.0
22 174.0
23 204.0
24 0.0
25 203.0
26 203.0
27 38.0
28 38.0
29 33.0
30 0.0
31 38.0
32 0.0
33 32.0
34 30.0
35 203.0
36 0.0
37 1.0
38 180.0
39 32.0
40 203.0
41 191.0
42 33.0
43 191.0
44 32.0
45 6.0
46 0.0
47 33.0
48 0.0
49 32.0
50 6.0
51 203.0
52 203.0
53 203.0
54 32.0
55 203.0
56 32.0
57 203.0
58 32.0
59 204.0
60 0.0
61 0.0
62 38.0
63 0.0
64 204.0
65 0.0
66 32.0
67 32.0
68 203.0
69 32.0
70 32.0
71 120.0
72 0.0
73 1.0
74 203.0
75 32.0
76 33.0
77 25.0
78 203.0
79 6.0
80 32.0
81 25.0
82 0.0
83 169.0
84 203.0
85 32.0
86 0.0
87 180.0
88 25.0
89 32.0
90 0.0
91 30.0
92 0.0
93 0.0
94 180.0
95 6.0
96 0.0
97 32.0
98 203.0
99 0.0
100 203.0
101 204.0
102 204.0
103 204.0
104 204.0
105 203.0
106 203.0
107 203.0
108 203.0
109 203.0
110 203.0
111 203.0
112 203.0
113 203.0
114 203.0
115 203.0
116 203.0
117 203.0
118 203.0
119 203.0
120 203.0
121 203.0
122 191.0
123 191.0
124 180.0
125 180.0
126 180.0
127 174.0
128 169.0
129 169.0
130 169.0
131 120.0
132 104.0
133 104.0
134 38.0
135 38.0
136 38.0
137 38.0
138 38.0
139 33.0
140 33.0
141 33.0
142 33.0
143 32.0
144 32.0
145 32.0
146 32.0
147 32.0
148 32.0
149 32.0
150 32.0
151 32.0
152 32.0
153 32.0
154 32.0
155 32.0
156 32.0
157 32.0
158 32.0
159 32.0
160 32.0
161 32.0
162 32.0
163 32.0
164 30.0
165 30.0
166 30.0
167 30.0
168 25.0
169 25.0
170 25.0
171 19.0
172 6.0
173 6.0
174 6.0
175 6.0
176 1.0
177 1.0
178 1.0
179 0.0
180 0.0
181 0.0
182 0.0
183 0.0
184 0.0
185 0.0
186 0.0
187 0.0
188 0.0
189 0.0
190 0.0
191 0.0
192 0.0
193 0.0
194 0.0
195 0.0
196 0.0
197 0.0
198 0.0
199 0.0
200 0.0
201 0.0
202 204.0
203 204.0
204 204.0
205 204.0
206 203.0
207 203.0
208 203.0
209 203.0
210 203.0
211 203.0
212 203.0
213 203.0
214 203.0
215 203.0
216 203.0
217 203.0
218 203.0
219 203.0
220 203.0
221 203.0
222 203.0
223 191.0
224 191.0
225 180.0
226 180.0
227 180.0
228 174.0
229 169.0
230 169.0
231 169.0
232 120.0
233 104.0
234 104.0
235 38.0
236 38.0
237 38.0
238 38.0
239 38.0
240 33.0
241 33.0
242 33.0
243 33.0
244 32.0
245 32.0
246 32.0
247 32.0
248 32.0
249 32.0
250 32.0
251 32.0
252 32.0
253 32.0
254 32.0
255 32.0
256 32.0
257 32.0
258 32.0
259 32.0
260 32.0
261 32.0
262 32.0
263 32.0
264 32.0
265 30.0
266 30.0
267 30.0
268 30.0
269 25.0
270 25.0
271 25.0
272 19.0
273 6.0
274 6.0
275 6.0
276 6.0
277 1.0
278 1.0
279 1.0
280 0.0
281 0.0
282 0.0
283 0.0
284 0.0
285 0.0
286 0.0
287 0.0
288 0.0
289 0.0
290 0.0
