1 30.0
2 164.0
3 33.0
4 6.0
5 32.0
6 25.0
7 203.0
8 32.0
9 203.0
10 33.0
11 0.0
12 33.0
13 0.0
14 204.0
15 0.0
16 0.0
17 98.0
18 33.0
19 0.0
20 204.0
21 32.0
22 0.0
23 203.0
24 31.0
25 203.0
26 38.0
27 0.0
28 87.0
29 0.0
30 98.0
31 32.0
32 0.0
33 25.0
34 0.0
35 32.0
36 0.0
37 0.0
38 32.0
39 109.0
40 38.0
41 0.0
42 203.0
43 0.0
44 87.0
45 30.0
46 0.0
47 32.0
48 32.0
49 169.0
50 104.0
51 203.0
52 0.0
53 32.0
54 0.0
55 38.0
56 25.0
57 0.0
58 0.0
59 25.0
60 0.0
61 0.0
62 30.0
63 98.0
64 32.0
65 1.0
66 204.0
67 203.0
68 0.0
69 164.0
70 0.0
71 30.0
72 203.0
73 19.0
74 49.0
75 104.0
76 0.0
77 169.0
78 0.0
79 0.0
80 0.0
81 25.0
82 0.0
83 30.0
84 25.0
85 0.0
86 204.0
87 25.0
88 25.0
89 203.0
90 32.0
91 0.0
92 32.0
93 0.0
94 33.0
95 0.0
96 32.0
97 0.0
98 33.0
99 203.0
100 32.0
101 204.0
102 204.0
103 204.0
104 204.0
105 204.0
106 203.0
107 203.0
108 203.0
109 203.0
110 203.0
111 203.0
112 203.0
113 203.0
114 203.0
115 203.0
116 169.0
117 169.0
118 164.0
119 164.0
120 109.0
121 104.0
122 104.0
123 98.0
124 98.0
125 98.0
126 87.0
127 87.0
128 49.0
129 38.0
130 38.0
131 38.0
132 33.0
133 33.0
134 33.0
135 33.0
136 33.0
137 33.0
138 32.0
139 32.0
140 32.0
141 32.0
142 32.0
143 32.0
144 32.0
145 32.0
146 32.0
147 32.0
148 32.0
149 32.0
150 32.0
151 32.0
152 31.0
153 30.0
154 30.0
155 30.0
156 30.0
157 30.0
158 25.0
159 25.0
160 25.0
161 25.0
162 25.0
163 25.0
164 25.0
165 25.0
166 19.0
167 6.0
168 1.0
169 0.0
170 0.0
171 0.0
172 0.0
173 0.0
174 0.0
175 0.0
176 0.0
177 0.0
178 0.0
179 0.0
180 0.0
181 0.0
182 0.0
183 0.0
184 0.0
185 0.0
186 0.0
187 0.0
188 0.0
189 0.0
190 0.0
191 0.0
192 0.0
193 0.0
194 0.0
195 0.0
196 0.0
197 0.0
198 0.0
199 0.0
200 0.0
201 0.0
202 204.0
203 204.0
204 204.0
205 204.0
206 204.0
207 203.0
208 203.0
209 203.0
210 203.0
211 203.0
212 203.0
213 203.0
214 203.0
215 203.0
216 203.0
217 169.0
218 169.0
219 164.0
220 164.0
221 109.0
222 104.0
223 104.0
224 98.0
225 98.0
226 98.0
227 87.0
228 87.0
229 49.0
230 38.0
231 38.0
232 38.0
233 33.0
234 33.0
235 33.0
236 33.0
237 33.0
238 33.0
239 32.0
240 32.0
241 32.0
242 32.0
243 32.0
244 32.0
245 32.0
246 32.0
247 32.0
248 32.0
249 32.0
250 32.0
251 32.0
252 32.0
253 31.0
254 30.0
255 30.0
256 30.0
257 30.0
258 30.0
259 25.0
260 25.0
261 25.0
262 25.0
263 25.0
264 25.0
265 25.0
266 25.0
267 19.0
268 6.0
269 1.0
270 0.0
271 0.0
272 0.0
273 0.0
274 0.0
275 0.0
276 0.0
277 0.0
278 0.0
279 0.0
280 0.0
281 0.0
282 0.0
283 0.0
284 0.0
285 0.0
286 0.0
287 0.0
288 0.0
289 0.0
290 0.0
291 0.0
292 0.0
293 0.0
294 0.0
295 0.0
296 0.0
297 0.0
298 0.0
299 0.0
300 0.0
301 0.0
302 0.0
303 204.0
304 204.0
305 204.0
306 204.0
307 204.0
308 203.0
309 203.0
310 203.0
311 203.0
312 203.0
313 203.0
314 203.0
315 203.0
316 203.0
317 203.0
318 169.0
319 169.0
320 164.0
321 164.0
322 109.0
323 104.0
324 104.0
325 98.0
326 98.0
327 98.0
328 87.0
329 87.0
330 49.0
331 38.0
332 38.0
333 38.0
334 33.0
335 33.0
336 33.0
337 33.0
338 33.0
339 33.0
340 32.0
341 32.0
342 32.0
343 32.0
344 32.0
345 32.0
346 32.0
347 32.0
348 32.0
349 32.0
350 32.0
351 32.0
352 32.0
353 32.0
354 31.0
355 30.0
356 30.0
357 30.0
358 30.0
359 30.0
360 25.0
361 25.0
362 25.0
363 25.0
364 25.0
365 25.0
366 25.0
367 25.0
368 19.0
369 6.0
370 1.0
371 0.0
372 0.0
373 0.0
374 0.0
375 0.0
376 0.0
377 0.0
378 0.0
379 0.0
380 0.0
381 0.0
382 0.0
383 0.0
384 0.0
385 0.0
386 0.0
387 0.0
388 0.0
389 0.0
390 0.0
391 0.0
392 0.0
393 0.0
394 0.0
395 0.0
396 0.0
397 0.0
398 0.0
399 0.0
400 0.0
401 0.0
402 0.0
403 0.0
404 204.0
405 204.0
406 204.0
407 204.0
408 204.0
409 203.0
410 203.0
411 203.0
412 203.0
413 203.0
414 203.0
415 203.0
416 203.0
417 203.0
418 203.0
419 169.0
420 169.0
421 164.0
422 164.0
423 109.0
424 104.0
425 104.0
426 98.0
427 98.0
428 98.0
429 87.0
430 87.0
431 49.0
432 38.0
433 38.0
434 38.0
435 33.0
436 33.0
437 33.0
438 33.0
439 33.0
440 33.0
441 32.0
442 32.0
443 32.0
444 32.0
445 32.0
446 32.0
447 32.0
448 32.0
449 32.0
450 32.0
451 32.0
452 32.0
453 32.0
454 32.0
455 31.0
456 30.0
457 30.0
458 30.0
459 30.0
460 30.0
461 25.0
462 25.0
463 25.0
464 25.0
465 25.0
466 25.0
467 25.0
468 25.0
469 19.0
470 6.0
471 1.0
472 0.0
473 0.0
474 0.0
475 0.0
476 0.0
477 0.0
478 0.0
479 0.0
480 0.0
481 0.0
482 0.0
483 0.0
484 0.0
485 0.0
486 0.0
487 0.0
488 0.0
489 0.0
490 0.0
491 0.0
492 0.0
493 0.0
494 0.0
495 0.0
496 0.0
497 0.0
498 0.0
499 0.0
500 0.0
501 0.0
502 0.0
503 0.0
504 0.0
505 204.0
506 204.0
507 204.0
508 204.0
509 204.0
510 203.0
511 203.0
512 203.0
513 203.0
514 203.0
515 203.0
516 203.0
517 203.0
518 203.0
519 203.0
520 169.0
521 169.0
522 164.0
523 164.0
524 109.0
525 104.0
526 104.0
527 98.0
528 98.0
529 98.0
530 87.0
531 87.0
532 49.0
533 38.0
534 38.0
535 38.0
536 33.0
537 33.0
538 33.0
539 33.0
540 33.0
541 33.0
542 32.0
543 32.0
544 32.0
545 32.0
546 32.0
547 32.0
548 32.0
549 32.0
550 32.0
551 32.0
552 32.0
553 32.0
554 32.0
555 32.0
556 31.0
557 30.0
558 30.0
559 30.0
560 30.0
561 30.0
562 25.0
563 25.0
564 25.0
565 25.0
566 25.0
567 25.0
568 25.0
569 25.0
570 19.0
571 6.0
572 1.0
573 0.0
574 0.0
575 0.0
576 0.0
577 0.0
578 0.0
579 0.0
580 0.0
581 0.0
582 0.0
583 0.0
584 0.0
585 0.0
586 0.0
587 0.0
588 0.0
589 0.0
590 0.0
591 0.0
592 0.0
593 0.0
594 0.0
595 0.0
596 0.0
597 0.0
598 0.0
599 0.0
600 0.0
601 0.0
602 0.0
603 0.0
604 0.0
605 0.0
606 204.0
607 204.0
608 204.0
609 204.0
610 204.0
611 203.0
612 203.0
613 203.0
614 203.0
615 203.0
616 203.0
617 203.0
618 203.0
619 203.0
620 203.0
621 169.0
622 169.0
623 164.0
624 164.0
625 109.0
626 104.0
627 104.0
628 98.0
629 98.0
630 98.0
631 87.0
632 87.0
633 49.0
634 38.0
635 38.0
636 38.0
637 33.0
638 33.0
639 33.0
640 33.0
641 33.0
642 33.0
643 32.0
644 32.0
645 32.0
646 32.0
647 32.0
648 32.0
649 32.0
650 32.0
651 32.0
652 32.0
653 32.0
654 32.0
655 32.0
656 32.0
657 31.0
658 30.0
659 30.0
660 30.0
661 30.0
662 30.0
663 25.0
664 25.0
665 25.0
666 25.0
667 25.0
668 25.0
669 25.0
670 25.0
671 19.0
672 6.0
673 1.0
674 0.0
675 0.0
676 0.0
677 0.0
678 0.0
679 0.0
680 0.0
681 0.0
682 0.0
683 0.0
684 0.0
685 0.0
686 0.0
687 0.0
688 0.0
689 0.0
690 0.0
691 0.0
692 0.0
693 0.0
694 0.0
695 0.0
696 0.0
697 0.0
698 0.0
699 0.0
700 0.0
701 0.0
702 0.0
703 0.0
704 0.0
705 0.0
706 0.0
707 204.0
708 204.0
709 204.0
710 204.0
711 204.0
712 203.0
713 203.0
714 203.0
715 203.0
716 203.0
717 203.0
718 203.0
719 203.0
720 203.0
721 203.0
722 169.0
723 169.0
724 164.0
725 164.0
726 109.0
727 104.0
728 104.0
729 98.0
730 98.0
731 98.0
732 87.0
733 87.0
734 49.0
735 38.0
736 38.0
737 38.0
738 33.0
739 33.0
740 33.0
741 33.0
742 33.0
743 33.0
744 32.0
745 32.0
746 32.0
747 32.0
748 32.0
749 32.0
750 32.0
751 32.0
752 32.0
753 32.0
754 32.0
755 32.0
756 32.0
757 32.0
758 31.0
759 30.0
760 30.0
761 30.0
762 30.0
763 30.0
764 25.0
765 25.0
766 25.0
767 25.0
768 25.0
769 25.0
770 25.0
771 25.0
772 19.0
773 6.0
774 1.0
775 0.0
776 0.0
777 0.0
778 0.0
779 0.0
780 0.0
781 0.0
782 0.0
783 0.0
784 0.0
785 0.0
786 0.0
787 0.0
788 0.0
789 0.0
790 0.0
791 0.0
792 0.0
793 0.0
794 0.0
795 0.0
796 0.0
797 0.0
798 0.0
799 0.0
800 0.0
801 0.0
802 0.0
803 0.0
804 0.0
805 0.0
806 0.0
807 0.0
808 204.0
809 204.0
810 204.0
811 204.0
812 204.0
813 203.0
814 203.0
815 203.0
816 203.0
817 203.0
818 203.0
819 203.0
820 203.0
821 203.0
822 203.0
823 169.0
824 169.0
825 164.0
826 164.0
827 109.0
828 104.0
829 104.0
830 98.0
831 98.0
832 98.0
833 87.0
834 87.0
835 49.0
836 38.0
837 38.0
838 38.0
839 33.0
840 33.0
841 33.0
842 33.0
843 33.0
844 33.0
845 32.0
846 32.0
847 32.0
848 32.0
849 32.0
850 32.0
851 32.0
852 32.0
853 32.0
854 32.0
855 32.0
856 32.0
857 32.0
858 32.0
859 31.0
860 30.0
861 30.0
862 30.0
863 30.0
864 30.0
865 25.0
866 25.0
867 25.0
868 25.0
869 25.0
870 25.0
871 25.0
872 25.0
873 19.0
874 6.0
875 1.0
876 0.0
877 0.0
878 0.0
879 0.0
880 0.0
881 0.0
882 0.0
883 0.0
884 0.0
885 0.0
886 0.0
887 0.0
888 0.0
889 0.0
890 0.0
891 0.0
892 0.0
893 0.0
894 0.0
895 0.0
896 0.0
897 0.0
898 0.0
899 0.0
900 0.0
901 0.0
902 0.0
903 0.0
904 0.0
905 0.0
906 0.0
907 0.0
908 0.0
909 204.0
910 204.0
911 204.0
912 204.0
913 204.0
914 203.0
915 203.0
916 203.0
917 203.0
918 203.0
919 203.0
920 203.0
921 203.0
922 203.0
923 203.0
924 169.0
925 169.0
926 164.0
927 164.0
928 109.0
929 104.0
930 104.0
931 98.0
932 98.0
933 98.0
934 87.0
935 87.0
936 49.0
937 38.0
938 38.0
939 38.0
940 33.0
941 33.0
942 33.0
943 33.0
944 33.0
945 33.0
946 32.0
947 32.0
948 32.0
949 32.0
950 32.0
951 32.0
952 32.0
953 32.0
954 32.0
955 32.0
956 32.0
957 32.0
958 32.0
959 32.0
960 31.0
961 30.0
962 30.0
963 30.0
964 30.0
965 30.0
966 25.0
967 25.0
968 25.0
969 25.0
970 25.0
971 25.0
972 25.0
973 25.0
974 19.0
975 6.0
976 1.0
977 0.0
978 0.0
979 0.0
980 0.0
981 0.0
982 0.0
983 0.0
984 0.0
985 0.0
986 0.0
987 0.0
988 0.0
989 0.0
990 0.0
991 0.0
992 0.0
993 0.0
994 0.0
995 0.0
996 0.0
997 0.0
998 0.0
999 0.0
1000 0.0
1001 0.0
1002 0.0
1003 0.0
1004 0.0
1005 0.0
1006 0.0
1007 0.0
1008 0.0
1009 0.0
1010 204.0
1011 204.0
1012 204.0
1013 204.0
1014 204.0
1015 203.0
1016 203.0
1017 203.0
1018 203.0
1019 203.0
1020 203.0
1021 203.0
1022 203.0
1023 203.0
1024 203.0
1025 169.0
1026 169.0
1027 164.0
1028 164.0
1029 109.0
1030 104.0
1031 104.0
1032 98.0
1033 98.0
1034 98.0
1035 87.0
1036 87.0
1037 49.0
1038 38.0
1039 38.0
1040 38.0
1041 33.0
1042 33.0
1043 33.0
1044 33.0
1045 33.0
1046 33.0
1047 32.0
1048 32.0
1049 32.0
1050 32.0
1051 32.0
1052 32.0
1053 32.0
1054 32.0
1055 32.0
1056 32.0
1057 32.0
1058 32.0
1059 32.0
1060 32.0
1061 31.0
1062 30.0
1063 30.0
1064 30.0
1065 30.0
1066 30.0
1067 25.0
1068 25.0
1069 25.0
1070 25.0
1071 25.0
1072 25.0
1073 25.0
1074 25.0
1075 19.0
1076 6.0
1077 1.0
1078 0.0
1079 0.0
1080 0.0
1081 0.0
1082 0.0
1083 0.0
1084 0.0
1085 0.0
1086 0.0
1087 0.0
1088 0.0
1089 0.0
1090 0.0
1091 0.0
1092 0.0
1093 0.0
1094 0.0
1095 0.0
1096 0.0
1097 0.0
1098 0.0
1099 0.0
1100 0.0
1101 0.0
1102 0.0
1103 0.0
1104 0.0
1105 0.0
1106 0.0
1107 0.0
1108 0.0
1109 0.0
1110 0.0
1111 204.0
1112 204.0
1113 204.0
1114 204.0
1115 204.0
1116 203.0
1117 203.0
1118 203.0
1119 203.0
1120 203.0
1121 203.0
1122 203.0
1123 203.0
1124 203.0
1125 203.0
1126 169.0
1127 169.0
1128 164.0
1129 164.0
1130 109.0
1131 104.0
1132 104.0
1133 98.0
1134 98.0
1135 98.0
1136 87.0
1137 87.0
1138 49.0
1139 38.0
1140 38.0
1141 38.0
1142 33.0
1143 33.0
1144 33.0
1145 33.0
1146 33.0
1147 33.0
1148 32.0
1149 32.0
1150 32.0
1151 32.0
1152 32.0
1153 32.0
1154 32.0
1155 32.0
1156 32.0
1157 32.0
1158 32.0
1159 32.0
1160 32.0
1161 32.0
1162 31.0
1163 30.0
1164 30.0
1165 30.0
1166 30.0
1167 30.0
1168 25.0
1169 25.0
1170 25.0
1171 25.0
1172 25.0
1173 25.0
1174 25.0
1175 25.0
1176 19.0
1177 6.0
1178 1.0
1179 0.0
1180 0.0
1181 0.0
1182 0.0
1183 0.0
1184 0.0
1185 0.0
1186 0.0
1187 0.0
1188 0.0
1189 0.0
1190 0.0
1191 0.0
1192 0.0
1193 0.0
1194 0.0
1195 0.0
1196 0.0
1197 0.0
1198 0.0
1199 0.0
1200 0.0
1201 0.0
1202 0.0
1203 0.0
1204 0.0
1205 0.0
1206 0.0
1207 0.0
1208 0.0
1209 0.0
1210 0.0
1211 0.0
1212 204.0
1213 204.0
1214 204.0
1215 204.0
1216 204.0
1217 203.0
1218 203.0
1219 203.0
1220 203.0
1221 203.0
1222 203.0
1223 203.0
1224 203.0
1225 203.0
1226 203.0
1227 169.0
1228 169.0
1229 164.0
